100000.0851693
100000.0850548
100000.0851904
100000.0851103
100000.0850327
100000.0851990
100000.0851330
100000.0849438
100000.0849959
100000.0850418
100000.0850857
100000.0850951
100000.0850988
100000.0850975
100000.0850878
100000.0849715
100000.0848871
100000.0847763
100000.0848528
100000.0848130
100000.0848811
100000.0849109
100000.0848227
100000.0849476
100000.0849158
100000.0847945
100000.0847968
100000.0848965
100000.0848815
100000.0848835
100000.0849331
100000.0847850
100000.0848803
100000.0848275
100000.0848576
100000.0847650
100000.0846531
100000.0846379
100000.0847470
100000.0846653
100000.0845544
100000.0846479
100000.0846352
100000.0846348
100000.0846781
100000.0848257
100000.0847114
100000.0847153
100000.0846688
100000.0846400
100000.0847138
100000.0845318
100000.0845995
100000.0847505
100000.0847351
100000.0845982
100000.0846812
100000.0847119
100000.0846519
100000.0845873
100000.0846177
100000.0847857
100000.0848048
100000.0847338
100000.0847356
100000.0847284
100000.0846169
100000.0847112
100000.0846999
100000.0846581
100000.0846735
100000.0847037
100000.0846047
100000.0847326
100000.0846046
100000.0845946
100000.0846884
100000.0847528
100000.0846485
100000.0847035
100000.0846785
100000.0847877
100000.0847711
100000.0846217
100000.0846313
100000.0846426
100000.0846095
100000.0846704
100000.0845188
100000.0844556
100000.0846284
100000.0847063
100000.0846053
100000.0846894
100000.0846735
100000.0846143
100000.0845484
100000.0847085
100000.0846689
100000.0845705
100000.0845922
100000.0845305
100000.0844048
100000.0844731
100000.0845581
100000.0845519
100000.0845549
100000.0846525
100000.0846365
100000.0845425
100000.0845887
100000.0847648
100000.0847020
100000.0846366
100000.0846621
100000.0846741
100000.0847454
100000.0847579
100000.0847212
100000.0847389
100000.0846699
100000.0848019
100000.0847900
100000.0846285
100000.0847204
100000.0847040
100000.0846139
100000.0847191
100000.0846043
100000.0845413
100000.0846017
100000.0845739
100000.0844018
100000.0845771
100000.0844566
100000.0845651
100000.0846798
100000.0845845
100000.0844030
100000.0844524
100000.0844030
100000.0845305
100000.0845728
100000.0844832
100000.0844923
100000.0845967
100000.0846186
100000.0844586
100000.0844831
100000.0844699
100000.0843389
100000.0843736
100000.0843872
100000.0843174
100000.0842888
100000.0843901
100000.0843229
100000.0843010
100000.0843885
100000.0844456
100000.0844157
100000.0844834
100000.0844546
100000.0843143
100000.0842415
100000.0842472
100000.0841555
100000.0842761
100000.0841944
100000.0841638
100000.0842841
100000.0841702
100000.0841477
100000.0842461
100000.0842987
100000.0842073
100000.0842554
100000.0841982
100000.0841980
100000.0841682
100000.0840441
100000.0840624
100000.0841819
100000.0840888
100000.0843022
100000.0842878
100000.0842268
100000.0841236
100000.0842005
100000.0841693
100000.0840841
100000.0842787
100000.0843175
100000.0843231
100000.0842310
100000.0842597
100000.0843423
100000.0841325
100000.0841390
100000.0841424
100000.0840114
100000.0839714
100000.0840721
100000.0840805
100000.0840736
100000.0839878
100000.0841510
100000.0839761
100000.0840353
100000.0840473
100000.0841198
100000.0841071
100000.0839562
100000.0840984
100000.0840502
100000.0841340
100000.0840741
100000.0842176
100000.0842604
100000.0842737
100000.0843602
100000.0842503
100000.0842978
100000.0843882
100000.0844705
100000.0843974
100000.0843914
100000.0844773
100000.0844142
100000.0842613
100000.0842215
100000.0843196
100000.0842237
100000.0842162
100000.0843093
100000.0843736
100000.0842542
100000.0843490
100000.0842966
100000.0842953
100000.0844079
100000.0844159
100000.0842258
100000.0843975
100000.0844465
100000.0843468
100000.0843924
100000.0845258
100000.0846131
100000.0845005
100000.0845154
100000.0844805
100000.0843632
100000.0844065
100000.0844656
100000.0843771
100000.0843961
100000.0844814
100000.0843316
100000.0842724
100000.0844173
100000.0843009
100000.0842853
100000.0844524
100000.0843193
100000.0843665
100000.0843026
100000.0842635
100000.0843000
100000.0842150
100000.0842669
100000.0843329
100000.0842851
100000.0842268
100000.0842525
100000.0843093
100000.0842840
100000.0842092
100000.0843499
100000.0842592
100000.0843786
100000.0841993
100000.0841900
100000.0842621
100000.0842682
100000.0842055
100000.0841135
100000.0841133
100000.0840950
100000.0840968
100000.0840757
100000.0841639
100000.0840557
100000.0841025
100000.0842393
100000.0843027
100000.0842882
100000.0843536
100000.0844164
100000.0844297
100000.0844060
100000.0843746
100000.0843392
100000.0842776
100000.0844175
100000.0844235
100000.0843562
100000.0843836
100000.0844038
100000.0842856
100000.0844144
100000.0843517
100000.0842668
100000.0843009
100000.0841975
100000.0842401
100000.0843560
100000.0843826
100000.0843376
100000.0843965
100000.0844556
100000.0843452
100000.0842993
100000.0844535
100000.0844004
100000.0845093
100000.0846055
100000.0845362
100000.0845779
100000.0846017
100000.0847018
100000.0846279
100000.0845641
100000.0845511
100000.0845014
100000.0844512
100000.0846005
100000.0846522
100000.0846514
100000.0847178
100000.0845584
100000.0847181
100000.0845752
100000.0846938
100000.0847255
100000.0845797
100000.0845357
100000.0846363
100000.0845546
100000.0845297
100000.0846305
100000.0846554
100000.0845457
100000.0846345
100000.0847031
100000.0846733
100000.0847400
100000.0847098
100000.0845352
100000.0846805
100000.0846172
100000.0846926
100000.0846787
100000.0846430
100000.0846460
100000.0847308
100000.0845994
100000.0846394
100000.0847364
100000.0846995
100000.0847962
100000.0847722
100000.0846347
100000.0847637
100000.0847600
100000.0847400
100000.0847666
100000.0846042
100000.0845839
100000.0847334
100000.0846444
100000.0847708
100000.0846362
100000.0846548
100000.0848065
100000.0847504
100000.0847545
100000.0847298
100000.0846420
100000.0846500
100000.0846885
100000.0847104
100000.0845021
100000.0846331
100000.0845151
100000.0845484
100000.0845766
100000.0844583
100000.0845924
100000.0845457
100000.0846363
100000.0845194
100000.0845005
100000.0846118
100000.0845256
100000.0844936
100000.0845095
100000.0845411
100000.0845206
100000.0846459
100000.0845993
100000.0845551
100000.0845410
100000.0845816
100000.0846238
100000.0845342
100000.0845699
100000.0844991
100000.0844039
100000.0844897
100000.0845863
100000.0845270
100000.0844945
100000.0846164
100000.0846542
100000.0845971
100000.0845237
100000.0846366
100000.0846216
100000.0845640
100000.0846196
100000.0845232
100000.0844338
100000.0844745
100000.0845784
100000.0844805
100000.0845739
100000.0844924
100000.0844164
100000.0843342
100000.0844438
100000.0845044
100000.0843849
100000.0844001
100000.0844494
100000.0843982
100000.0843778
100000.0844040
100000.0844504
100000.0844667
100000.0845409
100000.0844645
100000.0844307
100000.0843671
100000.0844078
100000.0843983
100000.0844209
100000.0843894
100000.0844075
100000.0843657
100000.0845587
100000.0845998
100000.0845832
100000.0845886
100000.0846737
100000.0846327
100000.0846829
100000.0846820
100000.0845283
100000.0844576
100000.0845342
100000.0845554
100000.0844270
100000.0845333
100000.0844721
100000.0845015
100000.0844610
100000.0843862
100000.0844141
100000.0843957
100000.0843996
100000.0843939
100000.0845269
100000.0843955
100000.0845508
100000.0844264
100000.0844289
100000.0845252
100000.0845582
100000.0844733
100000.0844193
100000.0845902
100000.0845819
100000.0846766
100000.0846051
100000.0846162
100000.0847490
100000.0847736
100000.0846337
100000.0846509
100000.0847960
100000.0847548
100000.0848248
100000.0849207
100000.0847944
100000.0847764
100000.0849467
100000.0848923
100000.0849286
100000.0850119
100000.0849252
100000.0850773
100000.0849271
100000.0848508
100000.0849766
100000.0848379
100000.0849428
100000.0850394
100000.0850284
100000.0848834
100000.0849076
100000.0849997
100000.0850208
100000.0848776
100000.0849798
100000.0849263
100000.0848725
100000.0850072
100000.0849778
100000.0848649
100000.0849628
100000.0848485
100000.0848698
100000.0849550
100000.0849775
100000.0848984
100000.0849507
100000.0850098
100000.0849315
100000.0849850
100000.0848897
100000.0848350
100000.0849400
100000.0848187
100000.0848467
100000.0850075
100000.0849156
100000.0849233
100000.0849601
100000.0848771
100000.0849469
100000.0849255
100000.0848929
100000.0849267
100000.0849758
100000.0850059
100000.0850068
100000.0850066
100000.0851167
100000.0850051
100000.0851209
100000.0850817
100000.0850404
100000.0850932
100000.0849963
100000.0851151
100000.0852178
100000.0852081
100000.0853679
100000.0852820
100000.0852778
100000.0852376
100000.0852182
100000.0852527
100000.0852124
100000.0851818
100000.0852565
100000.0852157
100000.0852063
100000.0853404
100000.0852026
100000.0852234
100000.0852737
100000.0852851
100000.0852718
100000.0852785
100000.0853952
100000.0853284
100000.0853804
100000.0853782
100000.0853029
100000.0853620
100000.0853032
100000.0851451
100000.0851008
100000.0850991
100000.0850384
100000.0851341
100000.0850545
100000.0850010
100000.0850728
100000.0850109
100000.0850232
100000.0851140
100000.0848821
100000.0850501
100000.0850591
100000.0849420
100000.0850162
100000.0849553
100000.0849137
100000.0848364
100000.0848264
100000.0849783
100000.0849847
100000.0849346
100000.0848951
100000.0849377
100000.0848383
100000.0848410
100000.0848631
100000.0849986
100000.0849125
100000.0849454
100000.0849826
100000.0848741
100000.0848221
100000.0849168
100000.0848971
100000.0848886
100000.0849364
100000.0850066
100000.0849099
100000.0848618
100000.0849841
100000.0847858
100000.0847950
100000.0848898
100000.0849585
100000.0848077
100000.0848900
100000.0847944
100000.0847880
100000.0849468
100000.0849198
100000.0847952
100000.0847647
100000.0849435
100000.0849847
100000.0849226
100000.0848373
100000.0849042
100000.0848824
100000.0847589
100000.0846809
100000.0848141
100000.0847149
100000.0847385
100000.0848860
100000.0849088
100000.0848976
100000.0849022
100000.0848057
100000.0849399
100000.0849144
100000.0847721
100000.0847651
100000.0848800
100000.0849039
100000.0847763
100000.0847054
100000.0848195
100000.0846982
100000.0846850
100000.0846364
100000.0845775
100000.0846551
100000.0847148
100000.0845643
100000.0846681
100000.0847037
100000.0845848
100000.0846372
100000.0845416
100000.0846143
100000.0845141
100000.0846083
100000.0848525
100000.0847937
100000.0847708
100000.0847909
100000.0847448
100000.0846453
100000.0847869
100000.0846520
100000.0847521
100000.0848066
100000.0846200
100000.0846038
100000.0846468
100000.0845178
100000.0846161
100000.0845679
100000.0847045
100000.0846801
100000.0846423
100000.0847038
100000.0846657
100000.0846178
100000.0846001
100000.0846500
100000.0845603
100000.0845628
100000.0845178
100000.0844547
100000.0844130
100000.0844483
100000.0845054
100000.0844188
100000.0845389
100000.0845612
100000.0846314
100000.0846594
100000.0846590
100000.0846742
100000.0846979
100000.0845832
100000.0846464
100000.0846349
100000.0845692
100000.0846915
100000.0845580
100000.0845530
100000.0846053
100000.0846139
100000.0844585
100000.0844427
100000.0844484
100000.0843968
100000.0844073
100000.0845201
100000.0844216
100000.0843959
100000.0844905
100000.0843906
100000.0844829
100000.0844004
100000.0843557
100000.0844218
100000.0843122
100000.0842987
100000.0843147
100000.0842720
100000.0843291
100000.0843741
100000.0844479
100000.0844987
100000.0844286
100000.0843924
100000.0845236
100000.0845599
100000.0845523
100000.0846159
100000.0845330
100000.0845855
100000.0845802
100000.0846473
100000.0845001
100000.0845307
100000.0845778
100000.0846128
100000.0845020
100000.0845336
100000.0845877
100000.0846043
100000.0846990
100000.0847500
100000.0846592
100000.0847939
100000.0846926
100000.0847027
100000.0847612
100000.0847419
100000.0846587
100000.0846499
100000.0847038
100000.0844757
100000.0846044
100000.0845925
100000.0845227
100000.0845792
100000.0845488
100000.0846554
100000.0847384
100000.0845604
100000.0846948
100000.0846633
100000.0845840
100000.0846918
100000.0846640
100000.0847736
100000.0847205
100000.0846959
100000.0848422
100000.0846760
100000.0847088
100000.0847913
100000.0846356
100000.0847365
100000.0846532
100000.0846066
100000.0844881
100000.0845049
100000.0846200
100000.0845375
100000.0846032
100000.0845973
100000.0844450
100000.0844998
100000.0846654
100000.0845684
100000.0845982
100000.0846739
100000.0846485
100000.0845342
100000.0844374
100000.0845279
100000.0846012
100000.0844751
100000.0845265
100000.0845814
100000.0845005
100000.0845304
100000.0846178
100000.0844904
100000.0845530
100000.0845892
100000.0845421
100000.0845496
100000.0846076
100000.0844534
100000.0845198
100000.0845334
100000.0846068
100000.0844785
100000.0845092
100000.0844963
100000.0845978
100000.0846108
100000.0844020
100000.0844206
100000.0844771
100000.0844435
100000.0844477
100000.0845518
100000.0845871
100000.0846351
100000.0847678
100000.0846498
100000.0846783
100000.0845519
100000.0846822
100000.0846363
100000.0847110
100000.0845439
100000.0846621
100000.0848058
100000.0848467
100000.0846924
100000.0846355
100000.0846662
100000.0846405
100000.0844596
100000.0845133
100000.0844888
100000.0846393
100000.0845847
100000.0845770
100000.0846215
100000.0845926
100000.0845570
100000.0846311
100000.0846441
100000.0846120
100000.0846548
100000.0846552
100000.0846164
100000.0846393
100000.0845538
100000.0845386
100000.0844444
100000.0843335
100000.0844221
100000.0844013
100000.0843029
100000.0843620
100000.0844445
100000.0843780
100000.0845493
100000.0845689
100000.0845121
100000.0845609
100000.0845250
100000.0844247
100000.0844990
100000.0844868
100000.0844493
100000.0845850
100000.0847013
100000.0846542
100000.0848042
100000.0847862
100000.0845845
100000.0845994
100000.0846464
100000.0845588
100000.0846181
100000.0846662
100000.0845270
100000.0844323
100000.0844808
100000.0844540
100000.0844587
100000.0845459
100000.0846830
100000.0846186
100000.0846686
100000.0847174
100000.0846048
100000.0847280
100000.0845944
100000.0845990
100000.0847313
100000.0846126
100000.0846811
100000.0847957
100000.0846097
100000.0846785
100000.0846713
100000.0845423
100000.0845861
100000.0847085
100000.0845948
100000.0845945
100000.0846867
100000.0846152
100000.0845960
100000.0847208
100000.0847203
100000.0846695
100000.0846942
100000.0846962
100000.0847566
100000.0846691
100000.0846269
100000.0846970
100000.0845943
100000.0847067
100000.0846229
100000.0845680
100000.0846318
100000.0847120
100000.0846116
100000.0847523
100000.0848722
100000.0847995
100000.0849099
100000.0847976
100000.0848598
100000.0846970
100000.0847879
100000.0848588
100000.0848588
100000.0848971
100000.0849403
100000.0848374
100000.0847543
100000.0847203
100000.0848092
100000.0847304
100000.0848362
100000.0847623
100000.0847223
100000.0847762
100000.0847225
100000.0846280
100000.0846412
100000.0846337
100000.0846548
100000.0846930
100000.0848394
100000.0848141
100000.0845922
100000.0845809
100000.0845775
100000.0845606
100000.0846647
100000.0846121
100000.0845482
100000.0846140
100000.0845566
100000.0844380
100000.0844919
100000.0845671
100000.0845845
100000.0844536
100000.0844159
100000.0844331
100000.0843137
100000.0844360
100000.0845114
100000.0843715
100000.0843857
100000.0845162
100000.0843358
100000.0843843
100000.0842951
100000.0843457
100000.0843133
100000.0843838
100000.0843772
100000.0843030
100000.0844953
100000.0843661
100000.0843615
100000.0844320
100000.0843923
100000.0842907
100000.0843126
100000.0842025
100000.0842601
100000.0843806
100000.0842801
100000.0843249
100000.0843821
100000.0843964
100000.0843274
100000.0843909
100000.0843569
100000.0844873
100000.0844943
100000.0843406
100000.0843479
100000.0844723
100000.0845245
100000.0844429
100000.0844432
100000.0845607
100000.0845638
100000.0845095
100000.0844568
100000.0844534
100000.0843454
100000.0844601
100000.0844369
100000.0844731
100000.0845133
100000.0843858
100000.0844733
100000.0844828
100000.0844927
100000.0843399
100000.0843828
100000.0844909
100000.0844736
100000.0843862
100000.0844566
100000.0843149
100000.0843732
100000.0842821
100000.0844557
100000.0843237
100000.0843171
100000.0843178
100000.0842454
100000.0841804
100000.0842237
100000.0841796
100000.0841266
100000.0842612
100000.0843338
100000.0843165
100000.0842235
100000.0843615
100000.0842681
100000.0842419
100000.0842053
100000.0841912
100000.0841864
100000.0842839
100000.0842280
100000.0842132
100000.0843122
100000.0842715
100000.0841852
100000.0842940
100000.0842952
100000.0842212
100000.0843036
100000.0843473
100000.0842333
100000.0844084
100000.0844245
100000.0842843
100000.0843688
100000.0843004
100000.0843336
100000.0843698
100000.0843157
100000.0843188
100000.0844961
100000.0846332
100000.0845540
100000.0845817
100000.0846306
100000.0844791
100000.0844988
100000.0844946
100000.0843946
100000.0844228
100000.0845061
100000.0845707
100000.0843759
100000.0843873
100000.0844616
100000.0844578
100000.0843682
100000.0845253
100000.0844789
100000.0843821
100000.0844550
100000.0843498
100000.0844969
100000.0843079
100000.0843438
100000.0843748
100000.0843396
100000.0844557
100000.0844011
100000.0844085
100000.0844056
100000.0845047
100000.0845621
100000.0844123
100000.0844318
100000.0844586
100000.0843088
100000.0844025
100000.0845432
100000.0845492
100000.0844898
100000.0844766
100000.0844994
100000.0844704
100000.0842936
100000.0843793
100000.0844010
100000.0843346
100000.0844707
100000.0843097
100000.0845163
100000.0844661
100000.0845719
100000.0845444
100000.0845627
100000.0845885
100000.0845254
100000.0845435
100000.0844822
100000.0844530
100000.0844362
100000.0843924
100000.0844866
100000.0845753
100000.0844367
100000.0844451
100000.0845695
100000.0845199
100000.0845763
100000.0845486
100000.0844089
100000.0844940
100000.0845678
100000.0845869
100000.0844345
100000.0844903
100000.0845107
100000.0843528
100000.0844016
100000.0845365
100000.0844594
100000.0844476
100000.0845501
100000.0844727
100000.0845582
100000.0845969
100000.0845073
100000.0844799
100000.0846566
100000.0844659
100000.0845408
100000.0846404
100000.0846104
100000.0845880
100000.0848149
100000.0847224
100000.0848724
100000.0847955
100000.0848239
100000.0849578
100000.0849045
100000.0848697
100000.0849405
100000.0848456
100000.0849299
100000.0849281
100000.0849333
100000.0848205
100000.0848417
100000.0849019
100000.0848336
100000.0849427
100000.0850513
100000.0850227
100000.0849358
100000.0850532
100000.0850821
100000.0850229
100000.0850063
100000.0851057
100000.0849773
100000.0849830
100000.0850833
100000.0851158
100000.0850374
100000.0850460
100000.0851216
100000.0850372
100000.0848866
100000.0850609
100000.0851170
100000.0850661
100000.0851064
100000.0850540
100000.0850279
100000.0851356
100000.0850919
100000.0851083
100000.0852070
100000.0851249
100000.0851777
100000.0851843
100000.0852186
100000.0851524
100000.0851951
100000.0853378
100000.0854015
100000.0853205
100000.0853331
100000.0853509
100000.0853592
100000.0853897
100000.0853966
100000.0852804
100000.0853847
100000.0853634
100000.0852840
100000.0853629
100000.0854637
100000.0853805
100000.0853827
100000.0854337
100000.0853807
100000.0852893
100000.0853085
100000.0853205
100000.0851766
100000.0851866
100000.0853422
100000.0853817
100000.0853137
100000.0853461
100000.0854597
100000.0854130
100000.0854889
100000.0855588
100000.0854174
100000.0854034
100000.0855278
100000.0853941
100000.0853993
100000.0855366
100000.0853890
100000.0854790
100000.0855385
100000.0854045
100000.0854025
100000.0854525
100000.0853578
100000.0853682
100000.0855031
100000.0854330
100000.0854638
100000.0855547
100000.0854354
100000.0853867
100000.0855457
100000.0855996
100000.0855497
100000.0855667
100000.0854316
100000.0853286
100000.0853865
100000.0854804
100000.0854664
100000.0855400
100000.0854057
100000.0855756
100000.0854825
100000.0854434
100000.0854638
100000.0854317
100000.0854162
100000.0854629
100000.0854681
100000.0853518
100000.0852999
100000.0853018
100000.0853345
100000.0854098
100000.0853043
100000.0854173
100000.0853609
100000.0853081
100000.0853226
100000.0854008
100000.0852747
100000.0853732
100000.0852434
100000.0851518
100000.0852552
100000.0852711
100000.0851205
100000.0851538
100000.0851573
100000.0851725
100000.0851631
100000.0851821
100000.0853017
100000.0852288
100000.0851811
100000.0851308
100000.0851839
100000.0852392
100000.0852008
100000.0852603
100000.0852218
100000.0852715
100000.0852042
100000.0851724
100000.0851746
100000.0851267
100000.0851340
100000.0851126
100000.0851626
100000.0851983
100000.0850864
100000.0851208
100000.0850272
100000.0851019
100000.0850242
100000.0850972
100000.0852324
100000.0851705
100000.0851392
100000.0852513
100000.0851286
100000.0850488
100000.0850999
100000.0850928
100000.0850561
100000.0851607
100000.0850313
100000.0849198
100000.0850079
100000.0850890
100000.0850091
100000.0850541
100000.0851184
100000.0850727
100000.0851968
100000.0851588
100000.0850144
100000.0850693
100000.0851224
100000.0849611
100000.0850063
100000.0850335
100000.0849048
100000.0849172
100000.0849465
100000.0849374
100000.0848370
100000.0847797
100000.0849497
100000.0848760
100000.0848351
100000.0848956
100000.0847796
100000.0847083
100000.0847718
100000.0846833
100000.0847245
100000.0847579
100000.0849063
100000.0848312
100000.0847796
100000.0849049
100000.0848455
100000.0849585
100000.0848841
100000.0849457
100000.0848305
100000.0847936
100000.0848758
100000.0847978
100000.0848707
100000.0846783
100000.0848108
100000.0847537
100000.0846704
100000.0847224
100000.0846994
100000.0849424
100000.0849129
100000.0849183
100000.0850023
100000.0849885
100000.0850030
100000.0849261
100000.0850061
100000.0849106
100000.0848921
100000.0850918
100000.0850260
100000.0851026
100000.0850150
100000.0849308
100000.0850144
100000.0849829
100000.0848622
100000.0848673
100000.0849163
100000.0847747
100000.0848299
100000.0848473
100000.0847359
100000.0847583
100000.0848053
100000.0847387
100000.0848367
100000.0848326
100000.0847628
100000.0848739
100000.0847829
100000.0847384
100000.0847345
100000.0846515
100000.0846658
100000.0847552
100000.0847117
100000.0846030
100000.0847764
100000.0848618
100000.0848334
100000.0848442
100000.0849040
100000.0847743
100000.0847769
100000.0846542
100000.0847394
100000.0848665
100000.0848470
100000.0847380
100000.0848763
100000.0847803
100000.0848763
100000.0847705
100000.0847726
100000.0846677
100000.0847563
100000.0848372
100000.0849152
100000.0847999
100000.0849080
100000.0849022
100000.0848035
100000.0848150
100000.0847597
100000.0847893
100000.0848800
100000.0848333
100000.0848547
100000.0849432
100000.0849465
100000.0848718
100000.0849932
100000.0849796
100000.0849588
100000.0850802
100000.0850286
100000.0850684
100000.0849105
100000.0847181
100000.0848348
100000.0847884
100000.0847835
100000.0848121
100000.0846396
100000.0846256
100000.0846365
100000.0845868
100000.0845234
100000.0846021
100000.0845671
100000.0846369
100000.0847100
100000.0845638
100000.0847337
100000.0847112
100000.0846205
100000.0847389
100000.0846672
100000.0846929
100000.0848323
100000.0847097
100000.0847929
100000.0848371
100000.0847194
100000.0848400
100000.0849297
100000.0848468
100000.0847957
100000.0848984
100000.0848657
100000.0849072
100000.0847680
100000.0847962
100000.0847716
100000.0848508
100000.0847856
100000.0848897
100000.0848872
100000.0847803
100000.0848692
100000.0847942
100000.0848201
100000.0847269
100000.0846220
100000.0847097
100000.0846126
100000.0845287
100000.0846730
100000.0846149
100000.0845764
100000.0846380
100000.0845546
100000.0844138
100000.0845032
100000.0844624
100000.0844417
100000.0845066
100000.0844786
100000.0843607
100000.0844988
100000.0844276
100000.0844957
100000.0844495
100000.0845580
100000.0844825
100000.0844393
100000.0845634
100000.0844705
100000.0844376
100000.0843348
100000.0844839
100000.0843700
100000.0844147
100000.0842173
100000.0841397
100000.0842250
100000.0842682
100000.0842288
100000.0842843
100000.0842289
100000.0841004
100000.0841960
100000.0842334
100000.0841844
100000.0841486
100000.0841404
100000.0841968
100000.0842613
100000.0842218
100000.0841373
100000.0841350
100000.0840508
100000.0841022
100000.0840969
100000.0841765
100000.0842858
100000.0842704
100000.0843497
100000.0842732
100000.0842269
100000.0843000
100000.0843161
100000.0842199
100000.0843239
100000.0841779
100000.0840518
100000.0841972
100000.0840852
100000.0841768
100000.0841556
100000.0841218
100000.0840733
100000.0840955
100000.0841894
100000.0842483
100000.0841957
100000.0843168
100000.0843336
100000.0843474
100000.0844228
100000.0843585
100000.0843777
100000.0844751
100000.0843849
100000.0844750
100000.0844401
100000.0845196
100000.0843620
100000.0843591
100000.0844459
100000.0844257
100000.0843715
100000.0843758
100000.0844769
100000.0844933
100000.0844512
100000.0843725
100000.0844378
100000.0844345
100000.0843165
100000.0843774
100000.0844127
100000.0842977
100000.0844344
100000.0843494
100000.0842461
100000.0843600
100000.0843480
100000.0843535
100000.0843761
100000.0844383
100000.0843357
100000.0844159
100000.0842984
100000.0843020
100000.0843991
100000.0842987
100000.0843213
100000.0841159
100000.0840634
100000.0841929
100000.0839969
100000.0840076
100000.0839288
100000.0840333
100000.0840081
100000.0839146
100000.0840216
100000.0838532
100000.0839447
100000.0840673
100000.0840632
100000.0839580
100000.0839199
100000.0839993
100000.0840234
100000.0839432
100000.0840520
100000.0841244
100000.0840369
100000.0840291
100000.0842107
100000.0841524
100000.0841191
100000.0841994
100000.0842368
100000.0841447
100000.0840689
100000.0842013
100000.0840471
100000.0840598
100000.0840354
100000.0840404
100000.0839939
100000.0838763
100000.0840464
100000.0840212
100000.0839191
100000.0839546
100000.0841263
100000.0841148
100000.0839691
100000.0840733
100000.0839080
100000.0840909
100000.0839844
100000.0839767
100000.0840694
100000.0839972
100000.0839770
100000.0840034
100000.0839995
100000.0839481
100000.0839770
100000.0839604
100000.0838619
100000.0839300
100000.0839752
100000.0840089
100000.0839398
100000.0839134
100000.0839209
100000.0837553
100000.0838711
100000.0839359
100000.0839279
100000.0839024
100000.0839177
100000.0838601
100000.0839186
100000.0839237
100000.0838800
100000.0839144
100000.0839152
100000.0840089
100000.0838959
100000.0838747
100000.0838842
100000.0839545
100000.0838034
100000.0838134
100000.0836707
100000.0837835
100000.0838722
100000.0840240
100000.0840589
100000.0840167
100000.0841342
100000.0841489
100000.0840474
100000.0841576
100000.0840215
100000.0841335
100000.0839593
100000.0841735
100000.0840848
100000.0841344
100000.0841349
100000.0841805
100000.0841002
100000.0841811
100000.0843225
100000.0842780
100000.0843559
100000.0843914
100000.0842609
100000.0843145
100000.0841310
100000.0840940
100000.0842898
100000.0842673
100000.0843415
100000.0844586
100000.0845388
100000.0844066
100000.0842757
100000.0844062
100000.0843587
100000.0843848
100000.0844677
100000.0843965
100000.0843392
100000.0843781
100000.0844172
100000.0842479
100000.0842876
100000.0843424
100000.0842576
100000.0844469
100000.0843038
100000.0842802
100000.0844671
100000.0844192
100000.0842870
100000.0843181
100000.0844239
100000.0844155
100000.0843895
100000.0844228
100000.0844665
100000.0845447
100000.0844618
100000.0844290
100000.0843739
100000.0842814
100000.0843909
100000.0843391
100000.0844762
100000.0843769
100000.0843595
100000.0844996
100000.0843858
100000.0844592
100000.0843012
100000.0843748
100000.0844746
100000.0843881
100000.0844971
100000.0842322
100000.0843059
100000.0842906
100000.0842785
100000.0843438
100000.0843775
100000.0843108
100000.0842290
100000.0843666
100000.0843626
100000.0844139
100000.0843168
100000.0844581
100000.0844160
100000.0843471
100000.0843871
100000.0842959
100000.0845310
100000.0843948
100000.0843951
100000.0844108
100000.0843255
100000.0843391
100000.0843927
100000.0843949
100000.0842486
100000.0843609
100000.0843167
100000.0843510
100000.0843459
100000.0843318
100000.0844327
100000.0844483
100000.0843846
100000.0844366
100000.0844517
100000.0844933
100000.0844547
100000.0845180
100000.0843792
100000.0842961
100000.0843878
100000.0842903
100000.0842844
100000.0843451
100000.0842827
100000.0843200
100000.0844560
100000.0845489
100000.0844952
100000.0844933
100000.0846202
100000.0845857
100000.0845572
100000.0845513
100000.0845555
100000.0846327
100000.0846483
100000.0846062
100000.0847346
100000.0847023
100000.0846117
100000.0846627
100000.0847244
100000.0845907
100000.0846888
100000.0846995
100000.0846519
100000.0846503
100000.0847216
100000.0846856
100000.0848871
100000.0849370
100000.0849072
100000.0848008
100000.0849486
100000.0849621
100000.0848162
100000.0848870
100000.0848100
100000.0848539
100000.0848949
100000.0848854
100000.0849221
100000.0849927
100000.0849393
100000.0850665
100000.0850972
100000.0850301
100000.0851458
100000.0850558
100000.0850507
100000.0850108
100000.0850451
100000.0851187
100000.0849837
100000.0851007
100000.0849699
100000.0850224
100000.0851325
100000.0850107
100000.0849189
100000.0850403
100000.0850332
100000.0851138
100000.0850225
100000.0851581
100000.0851182
100000.0850394
100000.0850675
100000.0851920
100000.0852038
100000.0851528
100000.0851455
100000.0850978
100000.0852471
100000.0851909
100000.0851430
100000.0851529
100000.0852290
100000.0852953
100000.0851930
100000.0851441
100000.0852096
100000.0851056
100000.0850785
100000.0852027
100000.0852831
100000.0852371
100000.0851964
100000.0852392
100000.0851944
100000.0852735
100000.0851553
100000.0851078
100000.0851797
100000.0851393
100000.0850447
100000.0851755
100000.0850432
100000.0850823
100000.0851862
100000.0850755
100000.0850448
100000.0851881
100000.0851144
100000.0850873
100000.0850192
100000.0850564
100000.0851422
100000.0850485
100000.0850357
100000.0851423
100000.0850184
100000.0852315
100000.0851659
100000.0850006
100000.0849919
100000.0851246
100000.0850283
100000.0850108
100000.0850105
100000.0849616
100000.0849846
100000.0850321
100000.0848988
100000.0848832
100000.0849711
100000.0848214
100000.0848271
100000.0847872
100000.0848988
100000.0848070
100000.0848786
100000.0849199
100000.0848082
100000.0847722
100000.0847778
100000.0847698
100000.0847919
100000.0846914
100000.0847526
100000.0847752
100000.0846196
100000.0846880
100000.0847524
100000.0846274
100000.0847142
100000.0846782
100000.0847148
100000.0847499
100000.0847712
100000.0846025
100000.0846768
100000.0847016
100000.0847823
100000.0847347
100000.0847525
100000.0847787
100000.0847682
100000.0847048
100000.0846329
100000.0847809
100000.0847408
100000.0846523
100000.0848130
100000.0848197
100000.0847353
100000.0847760
100000.0847772
100000.0846887
100000.0848467
100000.0849283
100000.0849902
100000.0849935
100000.0848507
100000.0849290
100000.0849281
100000.0850425
100000.0850279
100000.0848998
100000.0850534
100000.0850602
100000.0849728
100000.0849659
100000.0850899
100000.0850371
100000.0850356
100000.0849301
100000.0849195
100000.0849882
100000.0849574
100000.0848533
100000.0849541
100000.0848256
100000.0848960
100000.0847989
100000.0848299
100000.0847579
100000.0848392
100000.0848574
100000.0847007
100000.0847197
100000.0846926
100000.0845792
100000.0845289
100000.0846049
100000.0845116
100000.0846673
100000.0847285
100000.0847069
100000.0846796
100000.0847717
100000.0847629
100000.0847923
100000.0847761
100000.0845906
100000.0846454
100000.0846787
100000.0846933
100000.0846735
100000.0847648
100000.0848192
100000.0846689
100000.0847935
100000.0847511
100000.0846072
100000.0847116
100000.0845979
100000.0847617
100000.0846175
100000.0846728
100000.0846672
100000.0845867
100000.0846489
100000.0845779
100000.0845485
100000.0846392
100000.0846102
100000.0845875
100000.0847337
100000.0846654
100000.0846210
100000.0846326
100000.0847328
100000.0847152
100000.0847542
100000.0848351
100000.0849384
100000.0848728
100000.0848435
100000.0848976
100000.0849023
100000.0847845
100000.0848565
100000.0849088
100000.0847996
100000.0847858
100000.0848336
100000.0847615
100000.0846877
100000.0847651
100000.0849002
100000.0848393
100000.0848655
100000.0849455
100000.0848040
100000.0848712
100000.0846861
100000.0846699
100000.0847426
100000.0846385
100000.0847193
100000.0846920
100000.0846838
100000.0846187
100000.0846295
100000.0846447
100000.0845130
100000.0845259
100000.0846542
100000.0845463
100000.0846106
100000.0846745
100000.0845913
100000.0846958
100000.0847243
100000.0845730
100000.0846899
100000.0848546
100000.0847154
100000.0845595
100000.0847401
100000.0847875
100000.0847230
100000.0847997
100000.0848443
100000.0847849
100000.0848152
100000.0847936
100000.0847784
100000.0849143
100000.0847588
100000.0848838
100000.0849081
100000.0847897
100000.0847594
100000.0846341
100000.0845486
100000.0847134
100000.0847268
100000.0846663
100000.0847337
100000.0846790
100000.0845639
100000.0845853
100000.0845145
100000.0845225
100000.0846469
100000.0844787
100000.0844017
100000.0844910
100000.0843847
100000.0844316
100000.0844826
100000.0844318
100000.0845173
100000.0844338
100000.0844777
100000.0844777
100000.0843705
100000.0843155
100000.0844203
100000.0843329
100000.0844720
100000.0843287
100000.0843782
100000.0843636
100000.0843060
100000.0843787
100000.0842239
100000.0843727
100000.0843362
100000.0841736
100000.0840852
100000.0843193
100000.0843622
100000.0843438
100000.0843060
100000.0844313
100000.0843309
100000.0843182
100000.0844691
100000.0844060
100000.0843847
100000.0843730
100000.0842720
100000.0843277
100000.0842894
100000.0842600
100000.0843815
100000.0843680
100000.0843065
100000.0842377
100000.0842710
100000.0841842
100000.0841322
100000.0842379
100000.0842325
100000.0842408
100000.0842682
100000.0842940
100000.0841740
100000.0841229
100000.0840769
100000.0839999
100000.0840644
100000.0841966
100000.0841374
100000.0841904
100000.0843340
100000.0843212
100000.0842007
100000.0843269
100000.0843035
100000.0843041
100000.0843763
100000.0843640
100000.0842830
100000.0843921
100000.0843092
100000.0843273
100000.0843978
100000.0843316
100000.0842887
100000.0843527
100000.0843148
100000.0841792
100000.0841328
100000.0842527
100000.0842084
100000.0841925
100000.0842591
100000.0841913
100000.0842361
100000.0842204
100000.0842515
100000.0843226
100000.0844043
100000.0843406
100000.0843094
100000.0844024
100000.0842329
100000.0843287
100000.0844640
100000.0843110
100000.0843020
100000.0844347
100000.0843316
100000.0844155
100000.0842392
100000.0842669
100000.0843249
100000.0842247
100000.0842023
100000.0842966
100000.0842686
100000.0843064
100000.0844577
100000.0843433
100000.0845216
100000.0844978
100000.0844771
100000.0845294
100000.0844372
100000.0843678
100000.0845472
100000.0843638
100000.0844514
100000.0845183
100000.0844778
100000.0843716
100000.0844399
100000.0846124
100000.0845329
100000.0847192
100000.0845052
100000.0845828
100000.0846685
100000.0846429
100000.0846399
100000.0846924
100000.0846757
100000.0845091
100000.0845588
100000.0845331
100000.0844804
100000.0846143
100000.0845608
100000.0844912
100000.0844512
100000.0845127
100000.0845201
100000.0844185
100000.0845142
100000.0844365
100000.0844705
100000.0845350
100000.0847057
100000.0846663
100000.0845780
100000.0844657
100000.0846161
100000.0845134
100000.0845262
100000.0846891
100000.0847411
100000.0845102
100000.0845885
100000.0846865
100000.0845402
100000.0845716
100000.0846530
100000.0845241
100000.0845282
100000.0845825
100000.0845287
100000.0846384
100000.0847002
100000.0846107
100000.0846579
100000.0847214
100000.0846239
100000.0846677
100000.0846185
100000.0845837
100000.0846037
100000.0846338
100000.0845312
100000.0845412
100000.0844595
100000.0844634
100000.0845746
100000.0843847
100000.0844605
100000.0844271
100000.0842123
100000.0843134
100000.0841922
100000.0840880
100000.0842133
100000.0841633
100000.0842994
100000.0843814
100000.0842951
100000.0844284
100000.0843805
100000.0843739
100000.0844394
100000.0843456
100000.0843850
100000.0843531
100000.0843602
100000.0844425
100000.0843499
100000.0843186
100000.0844086
100000.0844833
100000.0843764
100000.0844733
100000.0843958
100000.0844193
100000.0844865
100000.0844537
100000.0843413
100000.0844001
100000.0845443
100000.0843972
100000.0843935
100000.0844759
100000.0845139
100000.0843827
100000.0844357
100000.0844309
100000.0842615
100000.0844111
100000.0842057
100000.0842913
100000.0843262
100000.0843001
100000.0842655
100000.0842077
100000.0843484
100000.0841949
100000.0842972
100000.0843085
100000.0842391
100000.0842726
100000.0842406
100000.0841121
100000.0841940
100000.0842420
100000.0841960
100000.0842283
100000.0843346
100000.0842029
100000.0840905
100000.0842282
100000.0842543
100000.0841495
100000.0842099
100000.0840266
100000.0841381
100000.0842667
100000.0842848
100000.0841479
100000.0841034
100000.0841766
100000.0841511
100000.0840328
100000.0840206
100000.0840490
100000.0839707
100000.0839641
100000.0838305
100000.0839020
100000.0838784
100000.0838549
100000.0839541
100000.0839425
100000.0840828
100000.0840513
100000.0839123
100000.0839679
100000.0839320
100000.0838808
100000.0839601
100000.0839182
100000.0840037
100000.0840626
100000.0839458
100000.0839334
100000.0840806
100000.0839900
100000.0840093
100000.0841357
100000.0841278
100000.0840678
100000.0840981
100000.0841825
100000.0840580
100000.0840181
100000.0840302
100000.0840518
100000.0840497
100000.0840563
100000.0840287
100000.0840935
100000.0840026
100000.0840967
100000.0840076
100000.0839640
100000.0839490
100000.0839489
100000.0839229
100000.0839603
100000.0839306
100000.0838889
100000.0841142
100000.0839625
100000.0840475
100000.0840910
100000.0840047
100000.0839825
100000.0841129
100000.0839217
100000.0839682
100000.0840616
100000.0838747
100000.0839672
100000.0839179
100000.0838600
100000.0840432
100000.0840397
100000.0840342
100000.0841458
100000.0840756
100000.0841992
100000.0841088
100000.0842232
100000.0841478
100000.0842324
100000.0841238
100000.0840920
100000.0842192
100000.0840944
100000.0840077
100000.0841691
100000.0841349
100000.0840605
100000.0840877
100000.0842895
100000.0842086
100000.0842777
100000.0843505
100000.0842284
100000.0842680
100000.0844184
100000.0842838
100000.0843967
100000.0843505
100000.0845012
100000.0845392
100000.0844940
100000.0845053
100000.0845966
100000.0844687
100000.0845114
100000.0843851
100000.0844169
100000.0844056
100000.0845092
100000.0844248
100000.0845696
100000.0845542
100000.0846519
100000.0845839
100000.0846638
100000.0846343
100000.0844445
100000.0845007
100000.0845195
100000.0845417
100000.0846317
100000.0846040
100000.0846611
100000.0847145
100000.0846253
100000.0847982
100000.0848253
100000.0847053
100000.0846224
100000.0847321
100000.0846849
100000.0847302
100000.0847279
100000.0848228
100000.0847252
100000.0847076
100000.0848664
100000.0848241
100000.0848455
100000.0849128
100000.0849053
100000.0848788
100000.0848403
100000.0849519
100000.0848238
100000.0848659
100000.0850301
100000.0850553
100000.0849552
100000.0850171
100000.0849379
100000.0849073
100000.0848890
100000.0850331
100000.0850094
100000.0850006
100000.0850403
100000.0851995
100000.0851289
100000.0851648
100000.0850475
100000.0850834
100000.0852688
100000.0852477
100000.0851561
100000.0852593
100000.0853070
100000.0851921
100000.0852334
100000.0851604
100000.0851085
100000.0852088
100000.0851633
100000.0850190
100000.0850794
100000.0850747
100000.0851479
100000.0850566
100000.0851734
100000.0851121
100000.0851257
100000.0852495
100000.0851324
100000.0851221
100000.0851883
100000.0851635
100000.0851832
100000.0852931
100000.0851694
100000.0852179
100000.0852943
100000.0853132
100000.0851803
100000.0851510
100000.0851942
100000.0852281
100000.0852213
100000.0852547
100000.0852896
100000.0853826
100000.0854020
100000.0853735
100000.0853972
100000.0855466
100000.0855332
100000.0854975
100000.0855849
100000.0854666
100000.0854953
100000.0854349
100000.0854512
100000.0854764
100000.0853489
100000.0853826
100000.0854756
100000.0854059
100000.0854515
100000.0855253
100000.0854651
100000.0854722
100000.0854757
100000.0855385
100000.0856016
100000.0854613
100000.0855693
100000.0855087
100000.0855442
100000.0854629
100000.0853990
100000.0855304
100000.0854908
100000.0854550
100000.0855117
100000.0854572
100000.0854224
100000.0855458
100000.0855558
100000.0855399
100000.0856481
100000.0855569
100000.0855201
100000.0854621
100000.0854083
100000.0854995
100000.0853652
100000.0853671
100000.0852562
100000.0852150
100000.0853139
100000.0851863
100000.0852678
100000.0854092
100000.0853253
100000.0853186
100000.0851603
100000.0851774
100000.0852011
100000.0852738
100000.0850766
100000.0851957
100000.0850390
100000.0851844
100000.0850650
100000.0851930
100000.0851774
100000.0850812
100000.0853083
100000.0853279
100000.0852538
100000.0852009
100000.0852689
100000.0852505
100000.0852001
100000.0852899
100000.0852707
100000.0851852
100000.0852459
100000.0853677
100000.0853710
100000.0852320
100000.0854257
100000.0853383
100000.0854260
100000.0853349
100000.0852115
100000.0852673
100000.0852395
100000.0851803
100000.0851376
100000.0851261
100000.0851882
100000.0851224
100000.0851243
100000.0852344
100000.0851853
100000.0851713
100000.0851651
100000.0851272
100000.0851999
100000.0852138
100000.0850525
100000.0851143
100000.0851268
100000.0850328
100000.0851673
100000.0849952
100000.0851251
100000.0850806
100000.0849505
100000.0850456
100000.0851120
100000.0849194
100000.0849290
100000.0849945
100000.0849982
100000.0850967
100000.0850542
100000.0849598
100000.0850375
100000.0850309
100000.0849907
100000.0850679
100000.0850210
100000.0848896
100000.0850827
100000.0850506
100000.0849835
100000.0850020
100000.0851668
100000.0850040
100000.0851257
100000.0849881
100000.0851059
100000.0851242
100000.0850633
100000.0850710
100000.0851015
100000.0850693
100000.0849738
100000.0848972
100000.0850439
100000.0848954
100000.0848184
100000.0849330
100000.0847869
100000.0848739
100000.0849009
100000.0848025
100000.0850052
100000.0849200
100000.0848209
100000.0848266
100000.0847111
100000.0846994
100000.0848689
100000.0848766
100000.0847094
100000.0847268
100000.0847659
100000.0848864
100000.0848225
100000.0848618
100000.0848601
100000.0847462
100000.0848415
100000.0848410
100000.0846259
100000.0848064
100000.0848590
100000.0846933
100000.0847779
100000.0846486
100000.0847698
100000.0847146
100000.0846315
100000.0847890
100000.0847411
100000.0846923
100000.0848663
100000.0847736
100000.0847217
100000.0848215
100000.0847827
100000.0848547
100000.0848110
100000.0846074
100000.0847065
100000.0848000
100000.0848350
100000.0846622
100000.0846601
100000.0846800
100000.0846878
100000.0847237
100000.0845562
100000.0846209
100000.0845012
100000.0846679
100000.0845265
100000.0845946
100000.0845230
100000.0845357
100000.0845157
100000.0844216
100000.0844296
100000.0845389
100000.0844361
100000.0844453
100000.0844594
100000.0844013
100000.0843797
100000.0845501
100000.0845194
100000.0845359
100000.0844611
100000.0844984
100000.0844544
100000.0845288
100000.0846496
100000.0846345
100000.0845795
100000.0845793
100000.0846143
100000.0844857
100000.0845484
100000.0846240
100000.0845183
100000.0846123
100000.0845381
100000.0846530
100000.0845844
100000.0845561
100000.0846609
100000.0846142
100000.0844812
100000.0845150
100000.0846112
100000.0846789
100000.0846319
100000.0846287
100000.0847288
100000.0846268
100000.0846642
100000.0847267
100000.0845842
100000.0847759
100000.0847593
100000.0846582
100000.0846394
100000.0846590
100000.0846613
100000.0845378
100000.0846775
100000.0847056
100000.0846329
100000.0845939
100000.0846434
100000.0846199
100000.0845045
100000.0844333
100000.0845205
100000.0844859
100000.0845728
100000.0845915
100000.0846491
100000.0845093
100000.0846121
100000.0845980
100000.0844804
100000.0844131
100000.0844187
100000.0842797
100000.0844040
100000.0843040
100000.0843780
100000.0844817
100000.0843894
100000.0844440
100000.0842336
100000.0842649
100000.0842171
100000.0842457
100000.0841199
100000.0841990
100000.0841767
100000.0841239
100000.0840674
100000.0842018
100000.0842392
100000.0841843
100000.0842423
100000.0842687
100000.0843764
100000.0843730
100000.0844045
100000.0842839
100000.0843258
100000.0843592
100000.0843106
100000.0843839
100000.0843720
100000.0844473
100000.0842993
100000.0843777
100000.0844357
100000.0843770
100000.0843069
100000.0843666
100000.0842276
100000.0843244
100000.0841908
100000.0841052
100000.0842610
100000.0842032
100000.0840827
100000.0841620
100000.0840757
100000.0842055
100000.0841941
100000.0841094
100000.0841429
100000.0841544
100000.0840415
100000.0840717
100000.0842365
100000.0842457
100000.0841279
100000.0840906
100000.0841960
100000.0841474
100000.0841878
100000.0841790
100000.0840311
100000.0840409
100000.0840327
100000.0840291
100000.0840202
100000.0840921
100000.0839317
100000.0839201
100000.0838054
100000.0838981
100000.0839521
100000.0839281
100000.0840338
100000.0839963
100000.0839618
100000.0841098
100000.0839909
100000.0839471
100000.0839827
100000.0840753
100000.0840630
100000.0840303
100000.0840345
100000.0841418
100000.0840472
100000.0841999
100000.0842303
100000.0841162
100000.0839973
100000.0841158
100000.0839934
100000.0840583
100000.0840560
100000.0841384
100000.0841173
100000.0839855
100000.0841125
100000.0840881
100000.0840454
100000.0839909
100000.0840760
100000.0840911
100000.0840209
100000.0841279
100000.0841555
100000.0840633
100000.0840648
100000.0841301
100000.0840042
100000.0839386
100000.0839202
100000.0839616
100000.0839511
100000.0840083
100000.0839845
100000.0839850
100000.0839814
100000.0839314
100000.0840068
100000.0839434
100000.0839283
100000.0840790
100000.0839809
100000.0839502
100000.0838554
100000.0839639
100000.0838501
100000.0838467
100000.0839307
100000.0837850
100000.0838850
100000.0840250
100000.0839610
100000.0840389
100000.0841066
100000.0839675
100000.0841009
100000.0840866
100000.0841636
100000.0840176
100000.0841056
100000.0841789
100000.0840614
100000.0842079
100000.0843225
100000.0841420
100000.0840699
100000.0841555
100000.0841653
100000.0840566
100000.0840802
100000.0840164
100000.0840714
100000.0840510
100000.0839527
100000.0840734
100000.0839872
100000.0840849
100000.0842320
100000.0841306
100000.0840760
100000.0842154
100000.0841106
100000.0840511
100000.0841768
100000.0840240
100000.0841781
100000.0841269
100000.0839700
100000.0839861
100000.0841569
100000.0839881
100000.0841131
100000.0840960
100000.0841449
100000.0841254
100000.0842332
100000.0841463
100000.0841113
100000.0841348
100000.0841885
100000.0841135
100000.0840636
100000.0842371
100000.0841698
100000.0842565
100000.0842152
100000.0842290
100000.0843323
100000.0842577
100000.0844171
100000.0842577
100000.0842757
100000.0843274
100000.0842785
100000.0843319
100000.0843600
100000.0842932
100000.0843076
100000.0843637
100000.0842956
100000.0844410
100000.0843104
100000.0844306
100000.0845927
100000.0846612
100000.0844807
100000.0846141
100000.0844977
100000.0846015
100000.0845724
100000.0844301
100000.0844037
100000.0844966
100000.0844096
100000.0844204
100000.0844964
100000.0843683
100000.0844730
100000.0843148
100000.0843158
100000.0843871
100000.0842801
100000.0843826
100000.0844823
100000.0844661
100000.0845843
100000.0844526
100000.0846137
100000.0846066
100000.0845567
100000.0845319
100000.0845487
100000.0844590
100000.0844501
100000.0845301
100000.0845566
100000.0844633
100000.0845689
100000.0844818
100000.0846532
100000.0845008
100000.0846081
100000.0845322
100000.0845863
100000.0847721
100000.0846763
100000.0848234
100000.0847879
100000.0846233
100000.0847436
100000.0846780
100000.0846142
100000.0846516
100000.0847066
100000.0845304
100000.0845822
100000.0846631
100000.0847571
100000.0846439
100000.0847613
100000.0847450
100000.0846615
100000.0846955
100000.0848326
100000.0847522
100000.0847167
100000.0847548
100000.0847543
100000.0846449
100000.0847038
100000.0847936
100000.0847184
100000.0846775
100000.0848193
100000.0847294
100000.0845905
100000.0846991
100000.0846924
100000.0847140
100000.0846748
100000.0846185
100000.0847396
100000.0846407
100000.0846340
100000.0847262
100000.0846052
100000.0846873
100000.0846084
100000.0847325
100000.0845781
100000.0847062
100000.0846515
100000.0847148
100000.0847981
100000.0847481
100000.0848277
100000.0848950
100000.0848650
100000.0846913
100000.0846053
100000.0847074
100000.0845686
100000.0846164
100000.0846638
100000.0845847
100000.0845237
100000.0845702
100000.0845041
100000.0844786
100000.0845816
100000.0844956
100000.0846152
100000.0844612
100000.0844344
100000.0845755
100000.0845368
100000.0844578
100000.0845186
100000.0844416
100000.0844448
100000.0845637
100000.0845063
100000.0844587
100000.0844200
100000.0845102
100000.0845526
100000.0844603
100000.0843939
100000.0845038
100000.0843781
100000.0844235
100000.0844427
100000.0844026
100000.0844693
100000.0845325
100000.0844712
100000.0843491
100000.0844587
100000.0844421
100000.0842656
100000.0843204
100000.0843725
100000.0843797
100000.0842590
100000.0844189
100000.0843405
100000.0843542
100000.0845171
100000.0845678
100000.0845540
100000.0845944
100000.0846510
100000.0846762
100000.0845918
100000.0846087
100000.0847276
100000.0847437
100000.0845744
100000.0846452
100000.0847208
100000.0845980
100000.0847579
100000.0846006
100000.0846367
100000.0847364
100000.0847204
100000.0848103
100000.0847433
100000.0847234
100000.0846217
100000.0847472
100000.0846165
100000.0846851
100000.0848431
100000.0847308
100000.0848610
100000.0848745
100000.0848199
100000.0849767
100000.0849567
100000.0848452
100000.0849150
100000.0848792
100000.0848273
100000.0848935
100000.0848440
100000.0848465
100000.0849778
100000.0849645
100000.0848881
100000.0850530
100000.0850932

