99999.99930
100000.00010
99999.99876
100000.00191
99999.99803
100000.00029
100000.00114
99999.99994
100000.00122
100000.00302
100000.00306
99999.99846
100000.00098
100000.00004
100000.00017
100000.00116
99999.99996
99999.99868
99999.99882
99999.99894
99999.99949
100000.00077
99999.99688
99999.99807
100000.00012
99999.99991
99999.99720
99999.99881
99999.99744
100000.00104
99999.99947
99999.99810
100000.00306
99999.99739
99999.99888
100000.00058
99999.99758
99999.99897
99999.99953
100000.00012
100000.00048
99999.99922
99999.99998
100000.00304
99999.99925
99999.99985
99999.99680
100000.00050
99999.99948
100000.00062
100000.00228
99999.99594
99999.99961
100000.00000
100000.00250
100000.00104
100000.00008
99999.99993
99999.99865
99999.99862
99999.99980
99999.99990
100000.00053
100000.00308
99999.99929
100000.00003
99999.99997
99999.99991
100000.00052
99999.99976
100000.00043
100000.00141
100000.00310
100000.00026
100000.00203
99999.99688
100000.00138
100000.00139
99999.99721
100000.00196
100000.00300
100000.00004
100000.00064
99999.99986
100000.00294
100000.00066
99999.99792
99999.99835
100000.00243
100000.00002
99999.99934
99999.99898
100000.00135
100000.00002
100000.00299
100000.00121
99999.99931
100000.00137
100000.00150
99999.99986
100000.00073
100000.00263
99999.99886
100000.00089
99999.99884
99999.99816
99999.99869
99999.99982
100000.00111
100000.00033
99999.99806
99999.99996
99999.99859
99999.99998
100000.00067
99999.99997
99999.99877
99999.99791
99999.99920
99999.99816
100000.00014
100000.00268
99999.99861
100000.00119
99999.99869
99999.99903
100000.00010
99999.99789
99999.99888
99999.99985
99999.99998
99999.99889
99999.99933
99999.99853
100000.00194
100000.00114
100000.00190
99999.99985
100000.00069
99999.99996
100000.00006
99999.99804
99999.99944
100000.00070
100000.00119
99999.99809
100000.00090
99999.99889
99999.99958
100000.00066
99999.99943
99999.99744
99999.99881
100000.00113
100000.00055
100000.00049
100000.00022
100000.00006
100000.00105
100000.00019
99999.99925
100000.00086
99999.99876
99999.99767
100000.00289
100000.00315
100000.00119
99999.99896
99999.99945
100000.00325
99999.99866
100000.00005
99999.99979
100000.00010
100000.00118
99999.99993
100000.00228
100000.00088
100000.00079
100000.00288
99999.99805
100000.00315
100000.00314
100000.00004
100000.00194
100000.00027
100000.00041
100000.00000
100000.00095
99999.99993
100000.00000
100000.00042
100000.00120
99999.99948
99999.99997
99999.99886
100000.00111
99999.99947
99999.99710
100000.00230
99999.99692
100000.00111
99999.99757
99999.99820
100000.00075
100000.00016
99999.99696
100000.00179
100000.00065
100000.00102
99999.99994
100000.00057
100000.00068
100000.00102
100000.00196
99999.99997
99999.99998
100000.00120
99999.99855
99999.99937
99999.99913
100000.00008
100000.00258
100000.00216
100000.00143
99999.99802
99999.99770
100000.00060
99999.99851
99999.99761
100000.00286
100000.00247
99999.99764
99999.99813
99999.99812
100000.00029
99999.99940
100000.00298
99999.99689
100000.00312
100000.00146
100000.00073
100000.00209
100000.00008
99999.99945
99999.99879
99999.99981
99999.99929
99999.99999
99999.99881
100000.00111
100000.00042
100000.00308
100000.00310
99999.99805
99999.99797
99999.99917
100000.00007
100000.00028
99999.99874
100000.00147
99999.99843
99999.99878
100000.00052
99999.99810
99999.99694
100000.00003
99999.99816
100000.00188
99999.99804
99999.99890
100000.00002
100000.00121
100000.00197
100000.00137
100000.00205
100000.00071
100000.00005
100000.00185
100000.00105
100000.00089
99999.99868
100000.00025
100000.00130
100000.00135
99999.99765
100000.00042
100000.00068
99999.99804
100000.00286
100000.00045
100000.00063
99999.99945
99999.99927
100000.00201
100000.00257
100000.00119
99999.99808
100000.00190
100000.00078
99999.99993
99999.99866
100000.00184
99999.99873
99999.99928
99999.99696
100000.00259
100000.00286
100000.00195
100000.00094
99999.99960
99999.99978
100000.00190
99999.99780
99999.99884
99999.99998
100000.00118
99999.99956
99999.99769
99999.99933
99999.99871
100000.00001
100000.00058
100000.00001
100000.00007
99999.99889
99999.99752
100000.00024
100000.00261
99999.99761
99999.99897
99999.99921
99999.99878
100000.00300
100000.00209
99999.99863
99999.99876
99999.99805
99999.99781
100000.00114
100000.00308
100000.00114
99999.99691
99999.99813
99999.99914
99999.99919
100000.00004
100000.00134
99999.99860
99999.99985
99999.99875
100000.00124
100000.00058
99999.99754
99999.99877
100000.00002
99999.99844
100000.00239
100000.00191
100000.00120
100000.00227
100000.00236
100000.00253
99999.99930
100000.00255
99999.99998
99999.99912
99999.99716
99999.99944
100000.00019
100000.00183
100000.00188
100000.00141
100000.00260
99999.99802
100000.00266
99999.99867
99999.99885
99999.99913
99999.99999
100000.00206
99999.99942
99999.99782
100000.00049
99999.99936
100000.00117
99999.99974
100000.00014
99999.99804
99999.99998
99999.99887
100000.00116
100000.00188
100000.00187
100000.00299
99999.99871
100000.00198
100000.00119
99999.99987
99999.99877
100000.00092
99999.99694
100000.00098
100000.00051
100000.00117
99999.99692
100000.00014
100000.00131
99999.99997
100000.00308
100000.00135
100000.00312
99999.99818
99999.99892
99999.99819
100000.00047
100000.00049
100000.00168
100000.00095
99999.99717
100000.00188
99999.99691
100000.00259
99999.99999
100000.00000
100000.00201
100000.00060
100000.00006
100000.00065
100000.00079
100000.00080
100000.00005
99999.99939
99999.99884
99999.99874
99999.99932
99999.99880
99999.99779
100000.00137
99999.99927
99999.99885
100000.00095
99999.99824
99999.99854
100000.00170
99999.99898
99999.99866
99999.99998
99999.99808
99999.99940
99999.99696
100000.00250
100000.00051
100000.00149
99999.99698
99999.99744
100000.00073
99999.99998
100000.00308
99999.99851
100000.00120
99999.99941
99999.99798
100000.00261
99999.99937
100000.00294
100000.00001
99999.99808
99999.99995
100000.00228
99999.99811
100000.00187
99999.99997
100000.00141
100000.00087
99999.99829
100000.00001
99999.99930
99999.99988
100000.00187
100000.00004
99999.99886
99999.99928
99999.99945
99999.99890
99999.99938
100000.00001
99999.99878
100000.00001
99999.99993
100000.00141
99999.99689
100000.00063
99999.99886
100000.00011
99999.99877
99999.99816
99999.99970
99999.99927
100000.00137
100000.00028
99999.99912
100000.00112
99999.99998
100000.00186
100000.00061
99999.99800
99999.99992
99999.99910
100000.00114
99999.99805
99999.99997
100000.00084
99999.99862
100000.00145
99999.99879
99999.99917
100000.00052
100000.00057
99999.99693
99999.99785
100000.00186
100000.00002
99999.99898
99999.99961
99999.99808
100000.00057
99999.99792
99999.99978
99999.99809
99999.99955
100000.00024
100000.00176
99999.99998
100000.00107
99999.99775
99999.99801
100000.00108
100000.00012
100000.00002
99999.99863
100000.00105
100000.00198
100000.00000
99999.99752
99999.99982
99999.99734
100000.00051
99999.99695
99999.99880
99999.99997
99999.99990
99999.99950
99999.99992
99999.99855
100000.00122
99999.99790
99999.99987
100000.00086
100000.00135
99999.99902
99999.99894
100000.00292
100000.00008
100000.00002
99999.99945
100000.00192
99999.99918
100000.00205
100000.00001
99999.99810
99999.99881
100000.00000
99999.99713
100000.00188
100000.00194
100000.00009
100000.00076
100000.00133
100000.00181
99999.99870
100000.00142
99999.99881
99999.99907
99999.99749
99999.99888
100000.00039
99999.99706
100000.00002
100000.00019
100000.00068
100000.00120
99999.99750
99999.99859
99999.99888
99999.99866
100000.00218
100000.00298
100000.00115
100000.00195
99999.99995
99999.99878
99999.99868
100000.00239
99999.99714
100000.00106
100000.00031
99999.99877
99999.99859
100000.00305
100000.00197
99999.99870
100000.00078
99999.99759
99999.99948
99999.99696
100000.00242
100000.00193
100000.00157
100000.00212
99999.99714
99999.99808
99999.99922
100000.00071
100000.00112
100000.00001
100000.00061
99999.99859
99999.99982
99999.99985
100000.00041
99999.99874
100000.00126
99999.99803
100000.00048
100000.00001
99999.99739
99999.99888
99999.99944
100000.00051
99999.99974
100000.00184
99999.99795
99999.99990
100000.00252
100000.00124
100000.00246
100000.00061
99999.99885
99999.99987
100000.00115
99999.99997
100000.00061
100000.00144
100000.00107
100000.00303
100000.00126
100000.00190
100000.00017
99999.99765
100000.00069
99999.99940
100000.00006
99999.99998
99999.99999
99999.99929
99999.99994
99999.99989
99999.99998
100000.00077
100000.00131
99999.99985
100000.00188
99999.99875
99999.99803
100000.00280
99999.99995
99999.99809
100000.00060
100000.00022
99999.99983
99999.99931
100000.00171
99999.99866
99999.99815
99999.99907
99999.99941
99999.99933
100000.00081
100000.00077
100000.00194
100000.00039
99999.99879
99999.99691
99999.99952
99999.99779
100000.00048
99999.99752
100000.00106
99999.99850
100000.00133
99999.99988
100000.00004
100000.00014
100000.00302
99999.99982
100000.00072
100000.00313
100000.00061
99999.99873
100000.00061
100000.00308
100000.00002
99999.99805
99999.99777
99999.99934
99999.99995
99999.99993
100000.00138
99999.99839
100000.00122
100000.00094
100000.00119
100000.00123
100000.00001
100000.00065
100000.00115
99999.99870
100000.00254
100000.00066
100000.00185
99999.99900
99999.99878
100000.00005
99999.99858
100000.00310
100000.00002
99999.99991
99999.99980
100000.00116
100000.00139
100000.00253
100000.00145
100000.00190
100000.00134
100000.00086
99999.99990
100000.00020
99999.99991
100000.00192
99999.99996
100000.00033
100000.00208
99999.99991
100000.00003
99999.99731
99999.99805
99999.99975
99999.99768
100000.00285
100000.00120
100000.00063
100000.00197
100000.00249
100000.00054
99999.99897
99999.99975
99999.99970
99999.99931
99999.99980
99999.99987
100000.00311
99999.99673
100000.00219
100000.00194
99999.99924
99999.99687
99999.99998
99999.99988
100000.00010
99999.99851
99999.99807
100000.00051
99999.99992
99999.99749
100000.00197
100000.00010
100000.00182
100000.00002
99999.99929
99999.99876
99999.99977
100000.00245
100000.00356
99999.99808
100000.00120
99999.99790
100000.00135
99999.99304
100000.00112
100000.00003
100000.00132
99999.99858
100000.00002
100000.00195
100000.00128
100000.00148
99999.99971
100000.00130
99999.99983
99999.99891
100000.00192
99999.99711
100000.00070
100000.00232
99999.99920
100000.00203
100000.00188
99999.99905
99999.99999
99999.99992
100000.00014
99999.99978
100000.00239
100000.00114
99999.99982
100000.00246
100000.00184
99999.99906
100000.00173
99999.99937
99999.99859
100000.00092
99999.99915
99999.99699
99999.99881
99999.99806
99999.99951
100000.00040
100000.00311
99999.99805
99999.99995
99999.99818
99999.99878
99999.99883
99999.99975
99999.99685
99999.99997
100000.00215
99999.99868
99999.99933
99999.99927
99999.99808
100000.00130
100000.00029
99999.99879
100000.00188
99999.99871
99999.99995
100000.00115
100000.00093
99999.99999
99999.99885
100000.00251
99999.99768
99999.99964
100000.00004
99999.99808
99999.99753
100000.00115
99999.99886
99999.99923
99999.99965
100000.00137
100000.00088
99999.99927
100000.00009
99999.99940
99999.99806
100000.00023
100000.00227
100000.00262
99999.99991
99999.99762
99999.99913
100000.00284
100000.00005
100000.00244
100000.00203
99999.99820
99999.99947
99999.99928
100000.00089
99999.99816
100000.00176
99999.99739
99999.99811
99999.99919
100000.00001
100000.00086
100000.00023
99999.99761
99999.99709
100000.00054
99999.99958
100000.00192
99999.99689
100000.00021
99999.99981
99999.99866
100000.00109
99999.99896
100000.00055
99999.99986
99999.99687
100000.00057
99999.99800
100000.00050
100000.00188
100000.00117
99999.99761
99999.99998
99999.99938
99999.99749
100000.00014
100000.00233
99999.99710
100000.00246
100000.00122
100000.00098
99999.99999
99999.99811
99999.99949
99999.99800
99999.99800
100000.00000
100000.00041
99999.99866
99999.99692
100000.00218
100000.00315
100000.00244
99999.99972
100000.00121
100000.00280
99999.99874
99999.99790
100000.00312
99999.99995
100000.00192
99999.99881
99999.99863
99999.99933
100000.00081
99999.99913
100000.00115
100000.00278
99999.99998
100000.00202
99999.99910
99999.99895
99999.99939
100000.00245
100000.00070
99999.99937
100000.00194
100000.00128
100000.00085
99999.99690
99999.99884
100000.00301
100000.00005
100000.00059
99999.99928
99999.99983
100000.00209
100000.00104
99999.99747
99999.99940
99999.99757
100000.00174
100000.00005
99999.99879
99999.99966
100000.00023
99999.99880
100000.00004
100000.00130
99999.99873
100000.00050
100000.00096
99999.99770
100000.00130
99999.99888
100000.00078
99999.99881
100000.00305
99999.99968
100000.00089
99999.99870
99999.99980
100000.00058
99999.99998
99999.99941
100000.00102
100000.00041
99999.99916
99999.99798
99999.99977
100000.00132
100000.00020
99999.99873
99999.99874
100000.00094
99999.99988
100000.00004
99999.99872
99999.99875
100000.00138
99999.99863
100000.00310
100000.00128
99999.99885
99999.99901
99999.99941
99999.99998
100000.00114
99999.99996
100000.00005
99999.99875
99999.99870
99999.99998
100000.00187
100000.00084
100000.00010
99999.99997
100000.00236
99999.99991
100000.00006
99999.99765
100000.00308
99999.99987
100000.00067
100000.00018
99999.99998
99999.99990
99999.99994
100000.00187
99999.99999
99999.99890
100000.00289
100000.00057
99999.99992
100000.00005
99999.99691
100000.00258
100000.00044
100000.00312
100000.00094
100000.00194
99999.99864
100000.00216
100000.00007
99999.99808
100000.00122
99999.99706
99999.99939
99999.99847
99999.99990
99999.99902
100000.00334
99999.99858
100000.00191
99999.99866
99999.99915
99999.99747
100000.00180
100000.00192
99999.99903
99999.99921
100000.00044
100000.00192
100000.00310
99999.99953
100000.00064
100000.00067
99999.99868
99999.99897
100000.00113
99999.99999
99999.99746
99999.99999
100000.00121
100000.00120
100000.00053
100000.00282
100000.00309
100000.00195
100000.00093
100000.00311
100000.00073
99999.99684
99999.99976
99999.99861
100000.00120
99999.99889
99999.99805
99999.99980
99999.99931
99999.99979
99999.99880
100000.00002
100000.00301
99999.99879
99999.99853
100000.00078
99999.99699
99999.99807
99999.99698
99999.99885
99999.99877
100000.00188
99999.99954
100000.00192
100000.00039
99999.99907
100000.00078
100000.00005
99999.99850
99999.99696
99999.99997
99999.99807
99999.99789
99999.99930
99999.99940
99999.99891
100000.00122
99999.99916
99999.99930
99999.99997
100000.00183
100000.00034
99999.99683
99999.99942
100000.00159
100000.00253
99999.99927
100000.00015
99999.99691
100000.00116
99999.99974
99999.99990
100000.00083
99999.99987
99999.99902
99999.99760
99999.99996
100000.00069
99999.99944
100000.00078
99999.99972
100000.00102
100000.00137
99999.99891
100000.00057
99999.99888
99999.99851
100000.00013
100000.00135
99999.99976
99999.99881
100000.00283
99999.99739
100000.00000
99999.99996
100000.00138
100000.00217
99999.99813
99999.99998
99999.99914
100000.00236
100000.00228
100000.00243
100000.00003
99999.99944
99999.99956
99999.99882
99999.99868
100000.00061
99999.99872
100000.00097
99999.99713
99999.99945
100000.00311
100000.00101
100000.00135
100000.00216
99999.99986
99999.99696
100000.00262
99999.99860
100000.00037
100000.00283
100000.00103
99999.99757
100000.00037
100000.00002
100000.00117
99999.99982
99999.99999
100000.00117
99999.99997
99999.99944
100000.00069
100000.00203
99999.99792
99999.99858
100000.00110
100000.00405
100000.00038
99999.99901
99999.99983
99999.99991
99999.99994
100000.00265
99999.99897
100000.00352
100000.00055
99999.99863
99999.99885
100000.00249
99999.99789
99999.99892
99999.99767
99999.99788
99999.99946
100000.00217
99999.99892
100000.00134
100000.00068
99999.99900
99999.99801
99999.99938
100000.00123
100000.00056
99999.99976
99999.99981
99999.99878
100000.00004
99999.99996
99999.99901
100000.00105
99999.99999
100000.00071
100000.00180
99999.99998
99999.99756
100000.00304
100000.00191
100000.00130
99999.99994
100000.00012
99999.99946
100000.00057
100000.00287
99999.99788
99999.99855
100000.00005
100000.00098
99999.99888
100000.00118
99999.99997
100000.00066
100000.00118
99999.99711
100000.00236
99999.99877
99999.99868
99999.99812
100000.00254
100000.00259
99999.99998
100000.00072
99999.99915
100000.00118
100000.00116
100000.00131
99999.99999
99999.99754
100000.00225
100000.00310
99999.99961
100000.00157
100000.00122
99999.99755
99999.99882
100000.00176
99999.99765
100000.00123
99999.99920
100000.00141
99999.99801
100000.00069
99999.99729
99999.99927
99999.99759
99999.99807
100000.00128
100000.00090
100000.00184
99999.99984
99999.99925
99999.99801
100000.00194
99999.99745
100000.00114
99999.99863
100000.00109
100000.00322
99999.99884
99999.99807
100000.00217
100000.00139
99999.99958
100000.00009
99999.99999
99999.99799
100000.00386
99999.99691
100000.00055
99999.99941
100000.00115
100000.00191
99999.99998
100000.00329
100000.00001
100000.00002
100000.00001
100000.00074
99999.99930
100000.00106
99999.99921
100000.00015
100000.00116
99999.99768
100000.00278
100000.00061
99999.99871
100000.00080
99999.99931
100000.00008
99999.99996
99999.99998
99999.99797
100000.00008
99999.99871
99999.99995
99999.99874
99999.99937
99999.99852
99999.99808
100000.00047
100000.00071
100000.00176
99999.99753
100000.00181
99999.99807
99999.99862
99999.99905
99999.99997
100000.00086
100000.00242
99999.99982
99999.99885
99999.99937
100000.00111
100000.00116
100000.00112
99999.99999
99999.99993
99999.99992
100000.00023
100000.00122
99999.99861
100000.00293
100000.00193
99999.99986
99999.99999
99999.99928
99999.99790
100000.00014
99999.99918
99999.99790
99999.99769
99999.99995
99999.99985
99999.99809
100000.00115
99999.99952
100000.00021
99999.99887
100000.00190
99999.99958
99999.99881
99999.99992
99999.99690
100000.00296
100000.00071
100000.00090
100000.00110
99999.99781
99999.99880
99999.99888
99999.99750
99999.99763
100000.00139
100000.00048
100000.00203
100000.00004
99999.99681
99999.99879
99999.99925
100000.00119
99999.99742
100000.00110
99999.99824
100000.00131
100000.00000
100000.00115
100000.00141
100000.00191
100000.00114
99999.99922
99999.99880
99999.99933
99999.99698
100000.00049
99999.99809
99999.99873
99999.99812
100000.00183
99999.99712
100000.00206
100000.00004
100000.00238
99999.99989
99999.99691
99999.99685
99999.99782
100000.00235
99999.99761
100000.00001
100000.00209
100000.00251
99999.99811
99999.99930
99999.99821
100000.00029
100000.00003
99999.99761
100000.00231
100000.00066
99999.99735
100000.00233
99999.99999
99999.99855
100000.00135
99999.99887
100000.00130
99999.99802
99999.99999
100000.00008
100000.00139
99999.99826
100000.00069
99999.99997
99999.99917
100000.00118
100000.00114
100000.00177
100000.00307
99999.99979
99999.99996
100000.00128
100000.00007
99999.99866
99999.99847
100000.00051
100000.00136
100000.00061
99999.99789
99999.99992
100000.00156
99999.99946
99999.99987
100000.00000
99999.99802
99999.99687
100000.00076
100000.00194
99999.99879
99999.99996
100000.00013
100000.00071
99999.99936
99999.99860
100000.00261
100000.00276
100000.00309
100000.00039
100000.00007
99999.99851
99999.99996
99999.99879
100000.00012
100000.00198
100000.00016
100000.00133
100000.00065
99999.99998
100000.00006
100000.00014
100000.00124
100000.00044
100000.00053
100000.00305
99999.99690
100000.00005
99999.99991
99999.99993
99999.99863
100000.00004
100000.00090
99999.99786
100000.00016
100000.00014
99999.99867
99999.99823
99999.99856
100000.00192
100000.00006
100000.00094
99999.99952
100000.00051
99999.99990
99999.99813
100000.00121
99999.99689
100000.00038
99999.99800
100000.00084
100000.00191
99999.99803
100000.00186
99999.99831
100000.00237
100000.00180
99999.99912
100000.00207
99999.99706
100000.00121
99999.99915
100000.00181
100000.00238
100000.00131
99999.99897
100000.00084
100000.00168
100000.00020
100000.00111
99999.99931
99999.99950
99999.99989
100000.00006
99999.99688
99999.99996
99999.99714
99999.99872
99999.99897
99999.99790
100000.00009
100000.00019
99999.99885
99999.99886
99999.99995
99999.99856
99999.99936
99999.99923
100000.00097
99999.99796
99999.99925
99999.99866
100000.00130
99999.99987
99999.99965
99999.99860
100000.00300
100000.00002
100000.00200
99999.99999
99999.99969
99999.99946
99999.99856
99999.99881
99999.99771
99999.99809
100000.00138
100000.00251
100000.00060
100000.00085
100000.00142
100000.00113
100000.00066
99999.99801
100000.00120
99999.99987
100000.00008
100000.00014
100000.00006
99999.99983
99999.99786
99999.99999
99999.99999
99999.99989
100000.00106
99999.99752
99999.99895
100000.00047
99999.99790
99999.99907
99999.99927
100000.00003
99999.99851
100000.00214
100000.00071
99999.99995
99999.99941
100000.00192
100000.00105
99999.99932
99999.99891
99999.99995
99999.99867
100000.00128
99999.99998
100000.00076
99999.99746
99999.99939
99999.99993
99999.99742
100000.00119
99999.99708
99999.99977
100000.00125
99999.99748
100000.00111
99999.99904
100000.00171
100000.00012
100000.00125
100000.00053
100000.00003
99999.99929
100000.00185
100000.00087
99999.99797
100000.00078
100000.00071
100000.00232
100000.00130
100000.00142
100000.00194
100000.00104
100000.00189
100000.00021
100000.00170
99999.99823
99999.99964
99999.99871
99999.99791
99999.99879
99999.99994
99999.99995
100000.00000
99999.99996
100000.00190
99999.99903
99999.99883
99999.99814
100000.00061
99999.99803
99999.99850
100000.00111
99999.99991
100000.00010
99999.99928
99999.99920
99999.99930
99999.99905
100000.00143
99999.99867
99999.99948
100000.00124
100000.00116
100000.00045
99999.99593
100000.00185
100000.00059
99999.99972
99999.99740
100000.00139
100000.00006
99999.99982
100000.00125
100000.00068
99999.99807
100000.00240
99999.99806
100000.00116
100000.00114
99999.99910
99999.99815
100000.00258
99999.99746
99999.99741
100000.00308
99999.99798
100000.00284
100000.00059
100000.00142
99999.99738
99999.99939
100000.00123
99999.99997
99999.99707
100000.00107
100000.00043
99999.99935
100000.00004
99999.99705
99999.99686
99999.99961
99999.99808
99999.99993
99999.99996
99999.99695
100000.00070
100000.00001
99999.99982
100000.00134
100000.00288
99999.99987
100000.00114
100000.00048
100000.00273
99999.99933
100000.00106
100000.00073
99999.99770
100000.00034
100000.00119
100000.00198
100000.00090
99999.99875
100000.00034
99999.99893
100000.00196
99999.99748
100000.00186
99999.99999
100000.00188
99999.99921
99999.99735
100000.00065
100000.00316
99999.99924
100000.00283
100000.00411
99999.99803
100000.00191
100000.00063
99999.99800
100000.00101
100000.00258
100000.00206
99999.99994
100000.00077
100000.00102
99999.99798
99999.99992
99999.99989
100000.00002
100000.00105
100000.00005
100000.00029
99999.99754
100000.00053
99999.99935
99999.99706
100000.00135
100000.00189
100000.00227
99999.99969
99999.99806
99999.99808
100000.00229
100000.00003
100000.00191
100000.00042
99999.99885
99999.99996
99999.99795
99999.99995
99999.99881
99999.99877
100000.00322
100000.00176
99999.99910
99999.99717
100000.00122
100000.00258
100000.00101
100000.00045
100000.00188
99999.99992
99999.99764
99999.99819
99999.99715
99999.99712
100000.00301
100000.00016
99999.99909
100000.00081
100000.00239
100000.00190
100000.00310
100000.00092
100000.00308
99999.99998
99999.99979
99999.99877
100000.00309
100000.00048
100000.00192
100000.00105
100000.00303
99999.99920
99999.99998
100000.00397
100000.00263
100000.00229
99999.99860
99999.99997
99999.99702
100000.00138
99999.99695
99999.99945
100000.00014
100000.00115
99999.99757
99999.99779
100000.00049
99999.99860
100000.00074
99999.99987
100000.00215
100000.00125
100000.00240
99999.99785
100000.00075
99999.99764
100000.00001
99999.99809
99999.99797
99999.99753
99999.99820
100000.00002
100000.00208
100000.00139
100000.00139
100000.00004
99999.99993
99999.99906
99999.99691
100000.00198
100000.00107
100000.00137
99999.99876
99999.99873
100000.00194
100000.00174
99999.99817
100000.00212
100000.00180
100000.00160
100000.00307
99999.99981
100000.00104
99999.99925
100000.00126
99999.99727
99999.99950
99999.99884
99999.99690
99999.99939
99999.99998
100000.00195
100000.00030
99999.99875
100000.00143
100000.00307
99999.99802
100000.00101
99999.99981
100000.00270
99999.99808
100000.00048
99999.99986
99999.99878
100000.00147
100000.00191
99999.99999
99999.99906
100000.00089
99999.99864
99999.99797
100000.00008
100000.00142
99999.99902
99999.99860
99999.99804
100000.00084
100000.00418
99999.99672
100000.00105
100000.00019
100000.00186
99999.99924
100000.00299
99999.99905
100000.00307
100000.00001
100000.00065
100000.00175
99999.99713
100000.00130
100000.00135
100000.00063
100000.00308
99999.99869
99999.99896
99999.99858
99999.99802
100000.00193
100000.00133
99999.99998
100000.00131
99999.99878
100000.00279
100000.00049
100000.00246
100000.00309
99999.99815
99999.99859
99999.99965
99999.99870
100000.00119
99999.99964
99999.99689
99999.99881
99999.99986
100000.00292
99999.99683
100000.00301
100000.00300
99999.99908
100000.00135
99999.99998
100000.00091
99999.99867
99999.99691
99999.99768
99999.99992
100000.00173
100000.00239
100000.00005
99999.99983
100000.00181
100000.00304
99999.99940
99999.99801
100000.00019
100000.00076
99999.99727
100000.00103
100000.00327
99999.99994
99999.99906
99999.99998
100000.00117
99999.99935
99999.99772
100000.00235
99999.99814
100000.00183
99999.99961
100000.00061
100000.00001
99999.99708
100000.00118
99999.99986
100000.00113
100000.00054
100000.00006
99999.99946
100000.00222
100000.00002
99999.99999
100000.00250
99999.99696
99999.99889
100000.00006
100000.00068
99999.99809
99999.99876
99999.99851
99999.99753
99999.99970
99999.99950
100000.00113
100000.00006
99999.99787
99999.99796
100000.00096
99999.99945
100000.00111
100000.00106
100000.00078
99999.99816
100000.00090
99999.99941
99999.99751
100000.00091
100000.00131
99999.99994
99999.99998
99999.99907
99999.99891
100000.00021
100000.00103
99999.99987
100000.00021
100000.00049
100000.00005
100000.00197
100000.00131
99999.99994
100000.00115
100000.00286
100000.00014
100000.00106
100000.00131
99999.99904
100000.00089
100000.00183
100000.00182
100000.00075
100000.00001
99999.99776
100000.00138
99999.99762
100000.00158
99999.99763
99999.99882
100000.00115
99999.99786
100000.00178
99999.99755
100000.00276
99999.99802
100000.00115
100000.00161
100000.00195
100000.00195
100000.00006
100000.00289
100000.00110
99999.99957
100000.00188
99999.99767
99999.99863
100000.00149
100000.00185
99999.99920
99999.99771
100000.00009
99999.99754
99999.99949
99999.99911
100000.00119
100000.00123
99999.99933
99999.99931
99999.99966
100000.00005
100000.00012
99999.99988
99999.99693
99999.99803
100000.00026
100000.00141
100000.00115
99999.99866
100000.00184
99999.99983
99999.99935
100000.00003
100000.00124
100000.00053
99999.99999
100000.00103
99999.99944
100000.00107
99999.99944
100000.00064
100000.00136
99999.99977
99999.99690
99999.99879
100000.00111
100000.00124
99999.99876
100000.00005
100000.00289
100000.00084
99999.99998
100000.00092
100000.00129
100000.00141
100000.00053
99999.99876
100000.00186
99999.99879
99999.99804
100000.00005
100000.00043
100000.00192
99999.99785
99999.99757
100000.00055
100000.00192
99999.99980
99999.99933
99999.99688
99999.99931
99999.99984
99999.99935
99999.99994
99999.99789
100000.00103
100000.00284
99999.99919
99999.99995
100000.00139
99999.99999
100000.00115
99999.99694
100000.00071
100000.00258
100000.00000
99999.99687
100000.00047
99999.99868
100000.00061
99999.99881
99999.99995
100000.00096
99999.99687
100000.00019
99999.99757
99999.99872
100000.00134
100000.00250
100000.00110
99999.99738
99999.99884
99999.99992
99999.99945
100000.00005
99999.99992
100000.00010
100000.00067
100000.00102
100000.00088
100000.00049
99999.99895
99999.99696
99999.99706
99999.99983
100000.00078
100000.00041
99999.99998
99999.99990
100000.00047
99999.99998
99999.99918
100000.00116
100000.00185
99999.99933
100000.00065
99999.99984
99999.99876
99999.99862
100000.00125
100000.00263
100000.00104
100000.00075
100000.00051
99999.99943
100000.00195
100000.00054
100000.00081
99999.99995
99999.99931
100000.00246
99999.99989
100000.00094
99999.99928
100000.00287
99999.99936
99999.99939
100000.00120
100000.00213
100000.00119
99999.99806
99999.99664
99999.99923
99999.99757
99999.99906
100000.00084
100000.00114
100000.00197
100000.00111
100000.00002
99999.99757
100000.00103
99999.99954
100000.00256
100000.00329
100000.00192
100000.00004
100000.00115
99999.99997
99999.99992
100000.00068
99999.99994
99999.99815
99999.99998
100000.00052
99999.99881
100000.00000
100000.00118
99999.99914
100000.00108
100000.00068
99999.99851
99999.99999
99999.99998
99999.99940
99999.99921
100000.00129
99999.99994
99999.99783
99999.99804
100000.00119
99999.99855
99999.99997
100000.00053
100000.00062
100000.00114
100000.00190
100000.00109
100000.00000
100000.00242
99999.99815
100000.00050
99999.99760
99999.99953
100000.00135
99999.99999
100000.00070
99999.99693
100000.00192
99999.99936
99999.99763
99999.99847
100000.00136
100000.00253
100000.00012
99999.99993
99999.99945
99999.99949
100000.00109
99999.99855
100000.00129
99999.99701
99999.99974
100000.00034
99999.99925
99999.99802
100000.00102
100000.00121
99999.99913
100000.00250
100000.00014
99999.99994
99999.99983
99999.99881
100000.00084
100000.00200
99999.99942
99999.99798
100000.00011
99999.99883
99999.99981
100000.00125
100000.00060
99999.99998
100000.00112
99999.99813
100000.00045
100000.00059
99999.99808
100000.00113
99999.99988
99999.99866
99999.99977
100000.00285
100000.00013
99999.99756
99999.99940
100000.00059
100000.00124
100000.00001
99999.99737
100000.00084
99999.99941
99999.99808
99999.99914
99999.99944
99999.99983
99999.99885
100000.00027
99999.99808
100000.00001
100000.00006
99999.99913
100000.00273
100000.00008
100000.00191
99999.99758
100000.00187
99999.99877
100000.00198
99999.99994
99999.99799
99999.99804
100000.00188
99999.99703
99999.99663
99999.99950
99999.99805
100000.00134
99999.99914
99999.99800
100000.00250
99999.99999
100000.00121
99999.99865
100000.00107
100000.00116
99999.99780
100000.00078
99999.99783
100000.00100
99999.99687
100000.00130
99999.99792
100000.00013
99999.99980
100000.00134
100000.00063
100000.00289
100000.00246
99999.99998
100000.00069
99999.99800
99999.99936
99999.99872
100000.00130
100000.00187
99999.99985
99999.99741
99999.99686
100000.00063
100000.00031
99999.99870
100000.00202
99999.99852
99999.99934
99999.99876
99999.99933
100000.00001
100000.00042
99999.99813
99999.99877
99999.99814
99999.99974
100000.00017
99999.99889
100000.00187
99999.99807
99999.99927
100000.00039
99999.99994
100000.00013
100000.00171
100000.00252
100000.00110
99999.99934
100000.00210
100000.00231
100000.00125
100000.00186
100000.00093
99999.99858
99999.99993
99999.99939
100000.00172
99999.99935
99999.99859
100000.00235
99999.99868
100000.00010
99999.99929
99999.99998
100000.00131
99999.99999
100000.00012
99999.99858
100000.00051
99999.99948
100000.00049
100000.00113
99999.99885
99999.99823
99999.99707
99999.99999
100000.00133
99999.99987
100000.00191
100000.00190
99999.99810
99999.99854
99999.99943
100000.00106
100000.00065
99999.99807
99999.99950
100000.00011
99999.99789
99999.99779
99999.99948
100000.00315
99999.99806
99999.99998
100000.00105
100000.00079
100000.00026
99999.99791
99999.99995
100000.00004
99999.99944
100000.00004
99999.99914
100000.00187
100000.00052
99999.99801
100000.00206
100000.00122
100000.00126
99999.99956
99999.99955
100000.00085
99999.99953
99999.99994
100000.00324
99999.99924
99999.99994
100000.00307
99999.99882
99999.99916
99999.99999
100000.00304
100000.00187
99999.99760
100000.00095
99999.99777
99999.99994
99999.99879
99999.99883
99999.99816
99999.99958
99999.99753
99999.99860
100000.00166
99999.99794
99999.99761
99999.99896
100000.00045
100000.00078
99999.99745
99999.99867
99999.99910
100000.00117
99999.99794
99999.99878
100000.00103
99999.99998
100000.00047
100000.00007
100000.00062
99999.99998
99999.99998
100000.00257
99999.99996
100000.00195
99999.99849
100000.00250
99999.99878
100000.00010
99999.99892
100000.00068
100000.00192
99999.99801
99999.99916
99999.99969
100000.00048
100000.00146
100000.00066
99999.99697
99999.99887
99999.99912
99999.99997
100000.00052
99999.99926
100000.00045
100000.00056
99999.99992
99999.99699
99999.99768
99999.99903
99999.99746
99999.99715
99999.99755
99999.99934
100000.00132
100000.00068
100000.00122
99999.99939
99999.99942
100000.00012
100000.00132
99999.99899
99999.99901
100000.00139
100000.00134
99999.99746
99999.99863
99999.99997
100000.00114
100000.00006
99999.99992
100000.00184
99999.99998
99999.99806
99999.99698
99999.99807
100000.00314
100000.00204
100000.00188
99999.99980
99999.99996
99999.99768
100000.00110
100000.00049
100000.00009
99999.99758
100000.00004
100000.00008
100000.00002
99999.99998
99999.99999
100000.00052
99999.99765
100000.00112
99999.99805
100000.00214
99999.99718
100000.00005
99999.99883
99999.99998
99999.99888
99999.99991
99999.99992
99999.99877
100000.00073
99999.99975
99999.99862
99999.99998
100000.00186
100000.00074
99999.99811
99999.99692
100000.00304
100000.00135
99999.99979
100000.00045
100000.00131
100000.00070
99999.99900
99999.99938
99999.99984
100000.00111
99999.99876
99999.99806
99999.99972
100000.00090
100000.00287
99999.99862
100000.00064
99999.99714
100000.00300
100000.00085
100000.00132
100000.00112
100000.00190
100000.00012
99999.99941
100000.00093
100000.00176
100000.00054
99999.99802
100000.00121
100000.00241
100000.00091
100000.00224
99999.99980
99999.99933
99999.99980
100000.00123
99999.99842
99999.99995
100000.00006
99999.99765
100000.00127
100000.00232
100000.00195
100000.00111
99999.99989
99999.99825
100000.00254
99999.99988
99999.99691
99999.99691
99999.99934
99999.99877
99999.99876
99999.99994
99999.99909
99999.99883
100000.00252
100000.00138
100000.00134
100000.00072
99999.99806
99999.99948
100000.00264
100000.00127
100000.00070
99999.99995
100000.00001
100000.00139
99999.99800
99999.99828
99999.99940
100000.00014
99999.99994
100000.00010
100000.00011
99999.99684
99999.99754
99999.99983
99999.99996
99999.99797
100000.00011
99999.99998
99999.99867
100000.00019
99999.99952
100000.00115
100000.00121
99999.99804
99999.99919
99999.99811
100000.00300
100000.00061
99999.99888
100000.00003
100000.00070
100000.00004
100000.00015
99999.99940
100000.00306
99999.99859
99999.99877
100000.00191
99999.99868
100000.00003
99999.99887
100000.00006
99999.99989
100000.00077
100000.00075
100000.00058
100000.00185
100000.00311
100000.00141
100000.00134
99999.99981
100000.00091
100000.00111
99999.99946
100000.00202
99999.99929
100000.00023
99999.99994
99999.99865
100000.00065
99999.99955
99999.99997
99999.99870
99999.99805
100000.00209
99999.99883
100000.00197
99999.99756
99999.99934
100000.00120
100000.00128
99999.99888
100000.00281
100000.00106
100000.00117
100000.00047
99999.99874
99999.99977
100000.00001
99999.99993
100000.00166
100000.00112
99999.99944
99999.99883
100000.00115
99999.99929
99999.99899
100000.00048
99999.99766
100000.00060
100000.00191
99999.99999
100000.00071
100000.00128
99999.99994
100000.00164
100000.00186
99999.99998
100000.00017
99999.99777
100000.00031
99999.99880
100000.00289
99999.99884
100000.00006
100000.00194
100000.00010
99999.99746
99999.99816
100000.00071
100000.00276
99999.99988
99999.99921
100000.00283
100000.00117
99999.99966
99999.99986
100000.00252
100000.00285
99999.99889
99999.99983
100000.00119
100000.00205
100000.00190
100000.00193
100000.00065
99999.99996
100000.00002
100000.00285
100000.00056
100000.00217
100000.00061
100000.00190
99999.99794
99999.99884
99999.99883
100000.00015
100000.00063
99999.99875
100000.00100
99999.99890
99999.99869
99999.99938
100000.00026
100000.00120
100000.00059
99999.99992
100000.00259
100000.00003
99999.99830
99999.99997
100000.00098
99999.99914
99999.99989
100000.00270
100000.00235
100000.00039
99999.99822
99999.99864
99999.99947
99999.99878
99999.99947
100000.00018
100000.00015
99999.99994
99999.99904
100000.00072
99999.99997
99999.99738
100000.00192
99999.99926
99999.99957
100000.00316
99999.99985
100000.00194
99999.99880
99999.99999
100000.00002
100000.00185
99999.99804
100000.00114
99999.99998
100000.00097
100000.00151
100000.00284
99999.99808
100000.00114
99999.99970
99999.99996
100000.00002
99999.99805
99999.99995
99999.99934
99999.99788
100000.00196
99999.99761
99999.99997
100000.00055
99999.99807
99999.99851
99999.99688
99999.99943
100000.00190
99999.99683
100000.00094
99999.99802
99999.99788
100000.00091
99999.99856
100000.00310
99999.99999
99999.99813
99999.99855
99999.99859
100000.00000
100000.00049
99999.99887
99999.99975
99999.99926
99999.99998
100000.00117
100000.00218
99999.99997
100000.00213
99999.99902
99999.99923
99999.99792
99999.99945
99999.99924
99999.99801
99999.99691
99999.99998
100000.00146
100000.00083
99999.99998
99999.99977
99999.99885
99999.99880
100000.00113
100000.00283
99999.99805
99999.99991
100000.00212
100000.00124
99999.99717
99999.99892
100000.00086
99999.99692
100000.00240
100000.00018
99999.99756
99999.99868
100000.00052
99999.99794
100000.00176
100000.00135
100000.00018
100000.00233
99999.99760
100000.00196
99999.99688
99999.99896
100000.00205
99999.99932
99999.99997
99999.99809
100000.00040
99999.99882
99999.99802
99999.99807
99999.99991
100000.00224
99999.99866
100000.00195
100000.00128
99999.99760
100000.00000
100000.00202
99999.99887
99999.99907
100000.00016
100000.00115
100000.00052
100000.00322
100000.00196
99999.99999
99999.99813
100000.00202
99999.99953
100000.00042
100000.00092
100000.00279
99999.99933
99999.99991
100000.00015
99999.99794
99999.99949
100000.00114
99999.99801
99999.99852
100000.00258
100000.00005
100000.00053
100000.00104
99999.99858
99999.99802
99999.99888
99999.99877
100000.00061
99999.99712
99999.99738
100000.00006
99999.99871
100000.00123
99999.99949
99999.99690
100000.00078
100000.00137
100000.00228
100000.00043
100000.00135
100000.00313
100000.00011
99999.99695
99999.99885
100000.00051
99999.99945
99999.99809
99999.99999
99999.99946
99999.99807
100000.00304
100000.00056
99999.99816
99999.99692
99999.99914
100000.00175
100000.00016
100000.00114
100000.00080
100000.00101
100000.00107
99999.99954
100000.00282
100000.00084
100000.00002
99999.99886
99999.99999
100000.00084
99999.99997
100000.00196
99999.99908
99999.99812
100000.00056
99999.99945
99999.99934
100000.00000
100000.00104
99999.99688
100000.00300
99999.99996
100000.00117
99999.99808
99999.99900
100000.00192
99999.99800
99999.99995
100000.00117
99999.99695
99999.99930
100000.00128
100000.00184
99999.99950
100000.00180
100000.00235
100000.00003
99999.99776
100000.00238
100000.00231
100000.00130
99999.99878
99999.99855
99999.99999
100000.00011
100000.00007
100000.00204
99999.99917
99999.99856
99999.99972
99999.99998
100000.00139
100000.00245
100000.00040
99999.99998
100000.00181
100000.00001
100000.00135
100000.00288
99999.99973
99999.99879
99999.99959
100000.00184
100000.00088
100000.00071
99999.99987
99999.99804
99999.99938
100000.00118
99999.99776
100000.00281
100000.00002
99999.99885
99999.99909
100000.00021
99999.99933
100000.00127
99999.99998
100000.00012
99999.99935
100000.00119
100000.00119
99999.99871
100000.00055
99999.99997
100000.00306
100000.00007
99999.99760
100000.00001
99999.99956
99999.99797
100000.00197
99999.99987
100000.00329
99999.99886
100000.00107
99999.99974
100000.00288
99999.99988
99999.99881
99999.99808
100000.00112
99999.99946
100000.00094
99999.99976
99999.99668
100000.00084
99999.99992
99999.99998
100000.00038
99999.99852
100000.00060
99999.99893
100000.00001
100000.00113
100000.00052
100000.00132
99999.99925
99999.99880
99999.99797
99999.99883
99999.99947
100000.00067
100000.00188
99999.99917
99999.99989
100000.00053
99999.99976
100000.00043
100000.00003
99999.99891
99999.99805
99999.99808
99999.99988
100000.00015
99999.99980
99999.99927
100000.00242
99999.99694
100000.00112
99999.99984
100000.00055
100000.00109
99999.99914
99999.99934
100000.00105
99999.99981
99999.99831
99999.99872
99999.99994
99999.99734
100000.00038
99999.99875
100000.00065
99999.99999
100000.00107
100000.00071
99999.99976
100000.00052
99999.99873
100000.00199
100000.00057
99999.99764
100000.00232
100000.00183
99999.99909
100000.00243
100000.00189
100000.00063
99999.99881
99999.99814
100000.00001
99999.99847
100000.00092
100000.00187
99999.99805
100000.00145
100000.00200
99999.99802
100000.00157
99999.99992
100000.00014
99999.99808
100000.00191
100000.00060
100000.00131
99999.99830
100000.00214
100000.00117
99999.99781
99999.99876
100000.00006
100000.00053
99999.99969
100000.00234
100000.00149
99999.99929
99999.99911
100000.00118
99999.99848
99999.99997
99999.99917
100000.00119
100000.00135
99999.99992
100000.00204
99999.99819
100000.00251
100000.00049
99999.99806
100000.00023
100000.00122
99999.99999
99999.99803
99999.99884
99999.99946
99999.99999
100000.00206
100000.00187
99999.99924
100000.00176
100000.00237
99999.99806
99999.99994
100000.00132
100000.00051
99999.99914
99999.99999
99999.99870
99999.99908
100000.00236
99999.99851
99999.99999
99999.99995
100000.00039
99999.99927
99999.99923
100000.00068
99999.99863
100000.00001
99999.99940
100000.00135
99999.99800
100000.00131
99999.99709
100000.00232
99999.99815
99999.99945
99999.99816
100000.00117
100000.00142
100000.00000
100000.00076
99999.99992
100000.00187
99999.99951
99999.99883
100000.00243
99999.99997
99999.99689
99999.99870
100000.00141
100000.00114
99999.99734
99999.99945
100000.00055
99999.99884
100000.00192
100000.00310
99999.99998
100000.00116
100000.00008
99999.99921
100000.00006
99999.99983
99999.99996
99999.99812
100000.00217
100000.00190
99999.99763
99999.99856
100000.00004
99999.99856
99999.99998
99999.99800
99999.99931
100000.00114
99999.99998
99999.99981
99999.99925
99999.99768
99999.99801
100000.00277
99999.99993
100000.00300
100000.00011
99999.99890
100000.00124
100000.00083
99999.99718
100000.00005
100000.00247
100000.00242
100000.00009
99999.99816
100000.00260
100000.00002
100000.00080
99999.99800
99999.99772
99999.99994
100000.00098
99999.99881
99999.99915
100000.00041
100000.00108
100000.00009
99999.99778
100000.00286
100000.00008
99999.99984
99999.99962
99999.99745
100000.00010
99999.99871
99999.99923
99999.99780
99999.99996
99999.99946
100000.00097
99999.99807
100000.00002
99999.99753
99999.99926
99999.99998
100000.00238
100000.00057
99999.99877
100000.00231
99999.99879
100000.00283
99999.99763
99999.99943
99999.99990
100000.00087
100000.00190
99999.99983
99999.99993
100000.00006
99999.99947
99999.99892
99999.99999
99999.99873
100000.00135
100000.00194
100000.00092
100000.00188
100000.00302
100000.00022
100000.00094
100000.00050
99999.99753
100000.00007
99999.99812
99999.99882
100000.00122
100000.00307
100000.00017
100000.00114
99999.99974
100000.00015
