100000.1521
100000.1517
100000.1490
100000.1493
100000.1530
100000.1504
100000.1527
100000.1552
100000.1521
100000.1525
100000.1511
100000.1541
100000.1560
100000.1535
100000.1522
100000.1539
100000.1541
100000.1519
100000.1486
100000.1517
100000.1508
100000.1517
100000.1529
100000.1554
100000.1516
100000.1536
100000.1506
100000.1549
100000.1529
100000.1510
100000.1543
100000.1548
100000.1524
100000.1533
100000.1538
100000.1520
100000.1537
100000.1532
100000.1513
100000.1546
100000.1504
100000.1485
100000.1556
100000.1479
100000.1515
100000.1539
100000.1523
100000.1519
100000.1513
100000.1535
100000.1516
100000.1523
100000.1546
100000.1533
100000.1518
100000.1551
100000.1521
100000.1496
100000.1539
100000.1511
100000.1517
100000.1514
100000.1514
100000.1559
100000.1539
100000.1551
100000.1547
100000.1510
100000.1521
100000.1506
100000.1548
100000.1545
100000.1499
100000.1528
100000.1501
100000.1522
100000.1533
100000.1546
100000.1536
100000.1548
100000.1518
100000.1528
100000.1530
100000.1531
100000.1535
100000.1523
100000.1526
100000.1542
100000.1538
100000.1542
100000.1520
100000.1536
100000.1489
100000.1524
100000.1529
100000.1504
100000.1511
100000.1526
100000.1530
100000.1531
100000.1520
100000.1548
100000.1520
100000.1535
100000.1536
100000.1544
100000.1542
100000.1513
100000.1525
100000.1505
100000.1505
100000.1533
100000.1545
100000.1503
100000.1532
100000.1523
100000.1499
100000.1497
100000.1550
100000.1509
100000.1515
100000.1521
100000.1524
100000.1529
100000.1534
100000.1548
100000.1520
100000.1547
100000.1511
100000.1543
100000.1526
100000.1502
100000.1526
100000.1534
100000.1527
100000.1558
100000.1495
100000.1528
100000.1518
100000.1531
100000.1504
100000.1505
100000.1536
100000.1531
100000.1513
100000.1488
100000.1493
100000.1508
100000.1537
100000.1495
100000.1528
100000.1533
100000.1533
100000.1523
100000.1497
100000.1544
100000.1550
100000.1544
100000.1533
100000.1539
100000.1495
100000.1502
100000.1528
100000.1532
100000.1528
100000.1531
100000.1553
100000.1494
100000.1544
100000.1512
100000.1547
100000.1506
100000.1517
100000.1513
100000.1492
100000.1501
100000.1515
100000.1514
100000.1548
100000.1521
100000.1520
100000.1534
100000.1491
100000.1535
100000.1512
100000.1531
100000.1504
100000.1516
100000.1526
100000.1532
100000.1535
100000.1536
100000.1517
100000.1517
100000.1499
100000.1504
100000.1515
100000.1544
100000.1538
100000.1502
100000.1535
100000.1535
100000.1531
100000.1499
100000.1516
100000.1547
100000.1509
100000.1513
100000.1514
100000.1523
100000.1490
100000.1515
100000.1546
100000.1524
100000.1493
100000.1517
100000.1512
100000.1519
100000.1516
100000.1518
100000.1546
100000.1555
100000.1536
100000.1532
100000.1511
100000.1541
100000.1515
100000.1479
100000.1516
100000.1503
100000.1562
100000.1539
100000.1530
100000.1561
100000.1517
100000.1524
100000.1548
100000.1550
100000.1508
100000.1554
100000.1545
100000.1538
100000.1516
100000.1512
100000.1515
100000.1545
100000.1524
100000.1482
100000.1520
100000.1541
100000.1547
100000.1515
100000.1534
100000.1542
100000.1529
100000.1510
100000.1517
100000.1521
100000.1527
100000.1532
100000.1522
100000.1496
100000.1525
100000.1509
100000.1544
100000.1540
100000.1536
100000.1505
100000.1525
100000.1503
100000.1527
100000.1504
100000.1523
100000.1513
100000.1528
100000.1505
100000.1523
100000.1481
100000.1537
100000.1495
100000.1505
100000.1506
100000.1522
100000.1515
100000.1507
100000.1523
100000.1533
100000.1523
100000.1548
100000.1523
100000.1527
100000.1533
100000.1520
100000.1499
100000.1496
100000.1486
100000.1536
100000.1520
100000.1514
100000.1522
100000.1508
100000.1550
100000.1524
100000.1511
100000.1531
100000.1496
100000.1526
100000.1540
100000.1486
100000.1523
100000.1504
100000.1542
100000.1533
100000.1541
100000.1507
100000.1528
100000.1521
100000.1508
100000.1527
100000.1495
100000.1546
100000.1521
100000.1509
100000.1568
100000.1487
100000.1515
100000.1523
100000.1546
100000.1499
100000.1532
100000.1520
100000.1538
100000.1507
100000.1519
100000.1510
100000.1518
100000.1502
100000.1506
100000.1523
100000.1526
100000.1503
100000.1539
100000.1535
100000.1526
100000.1537
100000.1517
100000.1513
100000.1509
100000.1542
100000.1549
100000.1532
100000.1513
100000.1513
100000.1556
100000.1554
100000.1536
100000.1553
100000.1532
100000.1493
100000.1544
100000.1560
100000.1507
100000.1509
100000.1533
100000.1530
100000.1558
100000.1534
100000.1517
100000.1510
100000.1536
100000.1530
100000.1509
100000.1531
100000.1526
100000.1547
100000.1489
100000.1524
100000.1530
100000.1532
100000.1545
100000.1507
100000.1534
100000.1537
100000.1499
100000.1548
100000.1505
100000.1515
100000.1540
100000.1507
100000.1532
100000.1499
100000.1572
100000.1537
100000.1525
100000.1526
100000.1533
100000.1519
100000.1500
100000.1541
100000.1537
100000.1526
100000.1502
100000.1519
100000.1482
100000.1518
100000.1532
100000.1545
100000.1512
100000.1535
100000.1499
100000.1514
100000.1531
100000.1520
100000.1515
100000.1506
100000.1518
100000.1561
100000.1578
100000.1533
100000.1534
100000.1517
100000.1518
100000.1519
100000.1551
100000.1547
100000.1516
100000.1562
100000.1495
100000.1527
100000.1546
100000.1507
100000.1525
100000.1542
100000.1517
100000.1517
100000.1550
100000.1523
100000.1514
100000.1513
100000.1490
100000.1558
100000.1524
100000.1548
100000.1561
100000.1533
100000.1527
100000.1549
100000.1556
100000.1551
100000.1519
100000.1540
100000.1524
100000.1534
100000.1534
100000.1517
100000.1504
100000.1564
100000.1554
100000.1496
100000.1508
100000.1529
100000.1569
100000.1557
100000.1529
100000.1559
100000.1516
100000.1525
100000.1519
100000.1546
100000.1515
100000.1547
100000.1531
100000.1568
100000.1523
100000.1539
100000.1556
100000.1565
100000.1556
100000.1544
100000.1540
100000.1544
100000.1540
100000.1524
100000.1535
100000.1525
100000.1524
100000.1547
100000.1558
100000.1546
100000.1563
100000.1527
100000.1519
100000.1535
100000.1587
100000.1528
100000.1546
100000.1583
100000.1544
100000.1502
100000.1541
100000.1517
100000.1555
100000.1527
100000.1534
100000.1512
100000.1529
100000.1517
100000.1551
100000.1529
100000.1531
100000.1550
100000.1553
100000.1546
100000.1556
100000.1553
100000.1516
100000.1544
100000.1507
100000.1540
100000.1565
100000.1516
100000.1555
100000.1509
100000.1528
100000.1534
100000.1545
100000.1571
100000.1511
100000.1525
100000.1533
100000.1534
100000.1546
100000.1504
100000.1530
100000.1547
100000.1529
100000.1544
100000.1511
100000.1537
100000.1522
100000.1528
100000.1561
100000.1529
100000.1541
100000.1571
100000.1540
100000.1554
100000.1548
100000.1512
100000.1553
100000.1550
100000.1529
100000.1554
100000.1531
100000.1503
100000.1521
100000.1514
100000.1486
100000.1556
100000.1527
100000.1556
100000.1511
100000.1560
100000.1547
100000.1538
100000.1521
100000.1528
100000.1571
100000.1517
100000.1504
100000.1512
100000.1568
100000.1520
100000.1555
100000.1538
100000.1559
100000.1531
100000.1553
100000.1559
100000.1537
100000.1554
100000.1557
100000.1532
100000.1535
100000.1551
100000.1533
100000.1513
100000.1544
100000.1530
100000.1557
100000.1532
100000.1538
100000.1558
100000.1532
100000.1515
100000.1514
100000.1523
100000.1502
100000.1538
100000.1496
