10000008.20642
10000008.20411
10000008.20435
10000008.20828
10000008.27220
10000008.20561
10000008.26047
10000008.22393
10000008.27042
10000008.25819
10000008.26833
10000008.22411
10000008.21734
10000008.20794
10000008.22022
10000008.26238
10000008.21474
10000008.26121
10000008.25171
10000008.25206
10000008.26201
10000008.21587
10000008.20875
10000008.26404
10000008.27278
10000008.22214
10000008.21781
10000008.22316
10000008.22303
10000008.21800
10000008.22008
10000008.25261
10000008.20475
10000008.20518
10000008.26112
10000008.25325
10000008.20424
10000008.19796
10000008.25603
10000008.20393
10000008.24650
10000008.25334
10000008.19750
10000008.20520
10000008.25137
10000008.24130
10000008.24048
10000008.19825
10000008.19621
10000008.18751
10000008.24230
10000008.18446
10000008.24393
10000008.19328
10000008.19292
10000008.20053
10000008.24727
10000008.24827
10000008.25185
10000008.24518
10000008.20990
10000008.21531
10000008.24848
10000008.25265
10000008.25208
10000008.24836
10000008.20110
10000008.20606
10000008.25529
10000008.20957
10000008.21445
10000008.21476
10000008.21512
10000008.21700
10000008.21996
10000008.21850
10000008.27353
10000008.22424
10000008.23271
10000008.27731
10000008.28278
10000008.23622
10000008.29211
10000008.29284
10000008.29083
10000008.25226
10000008.29991
10000008.24141
10000008.22954
10000008.27859
10000008.26888
10000008.22701
10000008.21977
10000008.26092
10000008.26468
10000008.22216
10000008.21855
10000008.27979
10000008.27475
10000008.27161
10000008.25888
10000008.26634
10000008.27283
10000008.21352
10000008.25334
10000008.26068
10000008.20767
10000008.26244
10000008.20903
10000008.21177
10000008.26292
10000008.22471
10000008.26542
10000008.27642
10000008.22430
10000008.21905
10000008.22662
10000008.28102
10000008.22666
10000008.27433
10000008.28205
10000008.27977
10000008.23519
10000008.28983
10000008.23821
10000008.24041
10000008.24058
10000008.28841
10000008.29472
10000008.28179
10000008.23755
10000008.28381
10000008.23320
10000008.28816
10000008.29111
10000008.23997
10000008.30698
10000008.30166
10000008.25436
10000008.31397
10000008.31195
10000008.26200
10000008.25984
10000008.30707
10000008.30408
10000008.31608
10000008.26494
10000008.31575
10000008.26685
10000008.32576
10000008.27605
10000008.31615
10000008.27045
10000008.26419
10000008.32247
10000008.27429
10000008.26864
10000008.28015
10000008.33454
10000008.28201
10000008.28800
10000008.35058
10000008.35258
10000008.29618
10000008.29435
10000008.34984
10000008.29842
10000008.28788
10000008.28774
10000008.34391
10000008.29177
10000008.34976
10000008.34749
10000008.33625
10000008.30193
10000008.29770
10000008.29517
10000008.30076
10000008.29971
10000008.29432
10000008.35283
10000008.30712
10000008.34337
10000008.30567
10000008.35221
10000008.35145
10000008.30265
10000008.31067
10000008.29659
10000008.30947
10000008.35801
10000008.35411
10000008.31372
10000008.35320
10000008.31238
10000008.31377
10000008.31521
10000008.35950
10000008.37015
10000008.31535
10000008.30351
10000008.30281
10000008.30359
10000008.30513
10000008.30463
10000008.35669
10000008.35899
10000008.32153
10000008.30792
10000008.31188
10000008.31175
10000008.30946
10000008.37527
10000008.32046
10000008.31468
10000008.30900
10000008.36176
10000008.36044
10000008.30877
10000008.35702
10000008.36147
10000008.35624
10000008.30587
10000008.31255
10000008.30848
10000008.30350
10000008.34696
10000008.35373
10000008.29963
10000008.31188
10000008.35235
10000008.34446
10000008.34324
10000008.35222
10000008.34574
10000008.29597
10000008.35565
10000008.30058
10000008.30486
10000008.30197
10000008.35372
10000008.29754
10000008.29405
10000008.29176
10000008.33787
10000008.29176
10000008.30108
10000008.35475
10000008.29965
10000008.30383
10000008.35868
10000008.30572
10000008.30519
10000008.35796
10000008.31665
10000008.36464
10000008.31198
10000008.37032
10000008.31139
10000008.30247
10000008.30424
10000008.30208
10000008.35804
10000008.31246
10000008.35123
10000008.35492
10000008.29846
10000008.34545
10000008.34751
10000008.35268
10000008.29613
10000008.30070
10000008.29865
10000008.29284
10000008.29516
10000008.35359
10000008.31057
10000008.30696
10000008.37082
10000008.31878
10000008.36991
10000008.36834
10000008.31314
10000008.30613
10000008.31591
10000008.31582
10000008.31664
10000008.37758
10000008.31052
10000008.31664
10000008.35453
10000008.36810
10000008.36870
10000008.38143
10000008.33295
10000008.33404
10000008.39074
10000008.33798
10000008.33042
10000008.37441
10000008.32735
10000008.38191
10000008.32834
10000008.33687
10000008.33401
10000008.32247
10000008.32744
10000008.31811
10000008.37320
10000008.37751
10000008.37319
10000008.38835
10000008.34062
10000008.38425
10000008.34221
10000008.34360
10000008.38757
10000008.39850
10000008.34179
10000008.32934
10000008.33851
10000008.33342
10000008.32597
10000008.32802
10000008.33153
10000008.32123
10000008.32583
10000008.32332
10000008.36911
10000008.32845
10000008.38060
10000008.32049
10000008.32100
10000008.36880
10000008.36445
10000008.31280
10000008.36712
10000008.36697
10000008.31554
10000008.31825
10000008.31612
10000008.35033
10000008.30888
10000008.31693
10000008.30955
10000008.37155
10000008.36410
10000008.30884
10000008.31435
10000008.36038
10000008.31037
10000008.36093
10000008.36074
10000008.30241
10000008.35163
10000008.35738
10000008.35173
10000008.30120
10000008.34409
10000008.33699
10000008.29698
10000008.34005
10000008.34344
10000008.29438
10000008.29782
10000008.33949
10000008.33803
10000008.29775
10000008.33825
10000008.28910
10000008.34350
10000008.34112
10000008.30319
10000008.31281
10000008.36916
10000008.31984
10000008.32428
10000008.32045
10000008.32015
10000008.32292
10000008.37428
10000008.31111
10000008.30834
10000008.31804
10000008.30747
10000008.35051
10000008.35690
10000008.30131
10000008.35025
10000008.30825
10000008.30652
10000008.30167
10000008.34789
10000008.34991
10000008.34240
10000008.29855
10000008.29638
10000008.29083
10000008.29388
10000008.34909
10000008.28953
10000008.34391
10000008.34560
10000008.28692
10000008.34262
10000008.30121
10000008.34779
10000008.35646
10000008.29650
10000008.34123
10000008.34229
10000008.33335
10000008.29071
10000008.29018
10000008.34896
10000008.29317
10000008.34062
10000008.28985
10000008.33729
10000008.27588
10000008.31923
10000008.28006
10000008.33374
10000008.27196
10000008.32574
10000008.27448
10000008.31561
10000008.31481
10000008.31367
10000008.29666
10000008.26273
10000008.26387
10000008.31466
10000008.26444
10000008.31938
10000008.25859
10000008.27289
10000008.31836
10000008.25921
10000008.31572
10000008.26008
10000008.25435
10000008.30543
10000008.25959
10000008.31795
10000008.31228
10000008.31137
10000008.26618
10000008.31665
10000008.26488
10000008.31324
10000008.26312
10000008.30754
10000008.26502
10000008.32166
10000008.26619
10000008.26118
10000008.31030
10000008.30061
10000008.30045
10000008.25446
10000008.25027
10000008.29109
10000008.24543
10000008.29863
10000008.24689
10000008.24939
10000008.28607
10000008.29632
10000008.24512
10000008.27802
10000008.23227
10000008.23159
10000008.23145
10000008.27584
10000008.23274
10000008.28368
10000008.24519
10000008.30061
10000008.25143
10000008.24636
10000008.25168
10000008.24234
10000008.29091
10000008.24705
10000008.28056
10000008.23788
10000008.23393
10000008.28550
10000008.23049
10000008.28113
10000008.28155
10000008.23457
10000008.28681
10000008.29347
10000008.24812
10000008.29401
10000008.23904
10000008.23935
10000008.24389
10000008.29763
10000008.29857
10000008.29273
10000008.24138
10000008.22971
10000008.29412
10000008.24436
10000008.28402
10000008.23739
10000008.23878
10000008.24321
10000008.22958
10000008.28586
10000008.27887
10000008.28177
10000008.23986
10000008.23738
10000008.29118
10000008.28214
10000008.24013
10000008.23622
10000008.23393
10000008.23692
10000008.27538
10000008.27134
10000008.27665
10000008.22937
10000008.23167
10000008.29248
10000008.22921
10000008.29280
10000008.27007
10000008.26572
10000008.22834
10000008.22573
10000008.22550
10000008.26608
10000008.26499
10000008.27662
10000008.22530
10000008.21879
10000008.25893
10000008.21086
10000008.19896
10000008.19977
10000008.26239
10000008.21688
10000008.26419
10000008.26854
10000008.23038
10000008.26850
10000008.27294
10000008.21789
10000008.26475
10000008.25622
10000008.20889
10000008.21876
10000008.21310
10000008.20216
10000008.25543
10000008.25958
10000008.25503
10000008.20980
10000008.19792
10000008.23532
10000008.19425
10000008.23123
10000008.18369
10000008.24572
10000008.19933
10000008.24692
10000008.25668
10000008.19428
10000008.23723
10000008.19241
10000008.23672
10000008.24617
10000008.24679
10000008.24480
10000008.19251
10000008.23063
10000008.23417
10000008.18962
10000008.23150
10000008.18684
10000008.19204
10000008.23156
10000008.18522
10000008.19586
10000008.24643
10000008.23377
10000008.23640
10000008.24718
10000008.24222
10000008.23455
10000008.18730
10000008.19089
10000008.19712
10000008.18432
10000008.23566
10000008.23334
10000008.19095
10000008.19333
10000008.23374
10000008.22904
10000008.23672
10000008.18058
10000008.17589
10000008.22898
10000008.17789
10000008.16598
10000008.16878
10000008.15961
10000008.22976
10000008.16492
10000008.20938
10000008.22144
10000008.15946
10000008.21840
10000008.21906
10000008.21026
10000008.21377
10000008.17257
10000008.21085
10000008.21911
10000008.16002
10000008.20656
10000008.16516
10000008.15215
10000008.20110
10000008.18954
10000008.20071
10000008.16212
10000008.15233
10000008.20621
10000008.21719
10000008.16257
10000008.21266
10000008.21889
10000008.17445
10000008.16506
10000008.15960
10000008.16943
10000008.22223
10000008.16799
10000008.18204
10000008.17669
10000008.17724
10000008.21248
10000008.21503
10000008.17194
10000008.21604
10000008.16292
10000008.20924
10000008.22283
10000008.22129
10000008.21141
10000008.15523
10000008.21444
10000008.15411
10000008.15294
10000008.16518
10000008.21338
10000008.15975
10000008.22857
10000008.22236
10000008.16884
10000008.21691
10000008.15383
10000008.20589
10000008.21003
10000008.15171
10000008.19660
10000008.16255
10000008.15674
10000008.20678
10000008.16674
10000008.15446
10000008.20379
10000008.16857
10000008.21101
10000008.19611
10000008.19837
10000008.16236
10000008.21780
10000008.16487
10000008.21801
10000008.23093
10000008.22367
10000008.17644
10000008.17612
10000008.22538
10000008.18297
10000008.22331
10000008.22823
10000008.17529
10000008.17700
10000008.22719
10000008.22135
10000008.22311
10000008.17266
10000008.17560
10000008.19081
10000008.19824
10000008.24735
10000008.25311
10000008.24115
10000008.23489
10000008.20085
10000008.19634
10000008.18974
10000008.24328
10000008.18814
10000008.22807
10000008.17687
10000008.22491
10000008.17389
10000008.21448
10000008.17751
10000008.22535
10000008.18672
10000008.24824
10000008.24658
10000008.23540
10000008.18953
10000008.24478
10000008.19547
10000008.19205
10000008.23162
10000008.18821
10000008.18700
10000008.17705
10000008.17353
10000008.18229
10000008.23989
10000008.18696
10000008.24323
10000008.23976
10000008.23108
10000008.17696
10000008.24127
10000008.18911
10000008.24739
10000008.20206
10000008.26256
10000008.24075
10000008.19497
10000008.19541
10000008.23718
10000008.24586
10000008.20111
10000008.18980
10000008.20446
10000008.19480
10000008.19799
10000008.25216
10000008.24632
10000008.25495
10000008.19992
10000008.25203
10000008.26236
10000008.20596
10000008.26654
10000008.21463
10000008.20773
10000008.20517
10000008.26457
10000008.20502
10000008.25476
10000008.21388
10000008.20722
10000008.20236
10000008.19787
10000008.25610
10000008.25309
10000008.25292
10000008.26815
10000008.21192
10000008.26406
10000008.25772
10000008.26279
10000008.21445
10000008.21170
10000008.21538
10000008.21563
10000008.28380
10000008.22163
10000008.21234
10000008.26807
10000008.21094
10000008.26815
10000008.22062
10000008.27060
10000008.26958
10000008.23055
10000008.28001
10000008.22954
10000008.27406
10000008.27557
10000008.22631
10000008.22916
10000008.23376
10000008.23570
10000008.27054
10000008.27957
10000008.23030
10000008.23307
10000008.23703
10000008.24087
10000008.28558
10000008.24420
10000008.24451
10000008.29170
10000008.29615
10000008.25020
10000008.29222
10000008.25021
10000008.24025
10000008.29077
10000008.25177
10000008.24502
10000008.30034
10000008.24635
10000008.29532
10000008.30823
10000008.26299
10000008.25456
10000008.30126
10000008.30861
10000008.26690
10000008.26149
10000008.26081
10000008.32303
10000008.26528
10000008.27107
10000008.30199
10000008.30861
10000008.26750
10000008.26913
10000008.32411
10000008.31820
10000008.33346
10000008.28228
10000008.33226
10000008.28833
10000008.28189
10000008.28088
10000008.28351
10000008.32474
10000008.27038
10000008.27563
10000008.27468
10000008.31780
10000008.32807
10000008.27182
10000008.27212
10000008.32497
10000008.32792
10000008.26962
10000008.32182
10000008.32569
10000008.27517
10000008.31786
10000008.32560
10000008.32646
10000008.32849
10000008.28119
10000008.31963
10000008.33085
10000008.32650
10000008.27727
10000008.27256
10000008.27870
10000008.28287
10000008.28146
10000008.27795
10000008.28087
10000008.33948
10000008.28273
10000008.33422
10000008.29114
10000008.29101
10000008.33398
10000008.28592
10000008.35103
10000008.29250
10000008.33509
10000008.28663
10000008.29712
10000008.29183
10000008.29527
10000008.30174
10000008.30183
10000008.35603
10000008.30105
10000008.34264
10000008.35436
10000008.30237
10000008.34714
10000008.29401
10000008.30298
10000008.34465
10000008.29777
10000008.30284
10000008.30423
10000008.36478
10000008.31016
10000008.35960
10000008.32046
10000008.31502
10000008.36016
10000008.36662
10000008.31051
10000008.30477
10000008.36175
10000008.30001
10000008.30373
10000008.29693
10000008.30161
10000008.35777
10000008.30143
10000008.30466
10000008.36067
10000008.35584
10000008.36779
10000008.31354
10000008.30918
10000008.32282
10000008.37800
10000008.32177
10000008.31598
10000008.31837
10000008.35557
10000008.31621
10000008.32482
10000008.32773
10000008.31369
10000008.35364
10000008.36599
10000008.32001
10000008.31091
10000008.36001
10000008.36982
10000008.31652
10000008.31208
10000008.36630
10000008.32256
10000008.31887
10000008.36634
10000008.32742
10000008.31787
10000008.36120
10000008.36852
10000008.32327
10000008.36321
10000008.31469
10000008.35952
10000008.31238
10000008.35300
10000008.31490
10000008.31833
10000008.37052
10000008.31290
10000008.30798
10000008.31594
10000008.35367
10000008.35019
10000008.30857
10000008.36414
10000008.30751
10000008.30874
10000008.31139
10000008.30023
10000008.30226
10000008.30234
10000008.35622
10000008.29463
10000008.29628
10000008.34483
10000008.28605
10000008.33102
10000008.27886
10000008.32281
10000008.27772
10000008.33214
10000008.27969
10000008.28491
10000008.28683
10000008.28720
10000008.28018
10000008.28877
10000008.28351
10000008.27591
10000008.28103
10000008.27631
10000008.27805
10000008.33348
10000008.27530
10000008.27340
10000008.34001
10000008.32498
10000008.34122
10000008.32985
10000008.29370
10000008.29177
10000008.33243
10000008.28784
10000008.29016
10000008.28635
10000008.33563
10000008.33989
10000008.34962
10000008.34547
10000008.28424
10000008.33430
10000008.28739
10000008.28708
10000008.28763
10000008.28881
10000008.33783
10000008.28878
10000008.35215
10000008.29254
10000008.33789
10000008.34149
10000008.28841
10000008.33333
10000008.28005
10000008.28144
10000008.32396
10000008.28294
10000008.32933
10000008.26972
10000008.25659
10000008.26109
10000008.26038
10000008.31326
10000008.26462
10000008.27633
10000008.27707
10000008.31110
10000008.31302
10000008.32456
10000008.32096
10000008.31665
10000008.27266
10000008.32890
10000008.27846
10000008.28049
10000008.29026
10000008.29042
10000008.33266
10000008.33528
10000008.33623
10000008.27646
10000008.32135
10000008.27612
10000008.31514
10000008.32495
10000008.28071
10000008.27057
10000008.26435
10000008.30993
10000008.27288
10000008.27793
10000008.26768
10000008.31221
10000008.26173
10000008.25694
10000008.25697
10000008.25773
10000008.24648
10000008.30515
10000008.30553
10000008.25445
10000008.25286
10000008.30614
10000008.24714
10000008.28335
10000008.23694
10000008.29792
10000008.29782
10000008.24488
10000008.29880
10000008.25415
10000008.24406
10000008.30345
10000008.25048
10000008.25806
10000008.25889
10000008.30483
10000008.31302
10000008.30694
10000008.27342
10000008.32026
10000008.31319
10000008.31085
10000008.25834
10000008.30815
10000008.24216
10000008.24303
10000008.23994
10000008.29003
10000008.30175
10000008.24738
10000008.29178
10000008.24619
10000008.29955
10000008.29969
10000008.24378
10000008.30290
10000008.24938
10000008.23877
10000008.24096
10000008.23689
10000008.24002
10000008.28198
10000008.28565
10000008.23840
10000008.27952
10000008.28674
10000008.27377
10000008.27801
10000008.28227
10000008.26984
10000008.27904
10000008.22528
10000008.26823
10000008.21959
10000008.21884
10000008.26953
10000008.26194
10000008.21595
10000008.21027
10000008.21371
10000008.26865
10000008.22214
10000008.21659
10000008.27272
10000008.26032
10000008.22510
10000008.26711
10000008.21221
10000008.27609
10000008.27099
10000008.22457
10000008.27824
10000008.22520
10000008.21493
10000008.21267
10000008.20618
10000008.25027
10000008.20212
10000008.24919
10000008.20582
10000008.26200
10000008.25319
10000008.20716
10000008.21370
10000008.25897
10000008.21177
10000008.20872
10000008.21492
10000008.20563
10000008.21203
10000008.21083
10000008.20604
10000008.21177
10000008.20174
10000008.23822
10000008.19577
10000008.19256
10000008.18718
10000008.25454
10000008.24070
10000008.24829
10000008.19334
10000008.22791
10000008.17930
10000008.23180
10000008.23131
10000008.17623
10000008.17754
10000008.22467
10000008.22081
10000008.23145
10000008.17518
10000008.21897
10000008.18072
10000008.17961
10000008.22181
10000008.18207
10000008.22561
10000008.22998
10000008.23959
10000008.23358
10000008.24214
10000008.17807
10000008.22844
10000008.17432
10000008.22325
10000008.22398
10000008.18665
10000008.23288
10000008.18875
10000008.24474
10000008.19169
10000008.22914
10000008.18461
10000008.24127
10000008.18540
10000008.17757
10000008.17589
10000008.21923
10000008.21730
10000008.22069
10000008.21592
10000008.21762
10000008.17013
10000008.20340
10000008.21302
10000008.21263
10000008.16605
10000008.22348
10000008.17101
10000008.17124
10000008.23495
10000008.16276
10000008.20044
10000008.20799
10000008.15166
10000008.20038
10000008.15331
10000008.19768
10000008.15632
10000008.20973
10000008.20678
10000008.16929
10000008.15765
10000008.15814
10000008.20328
10000008.15682
10000008.21249
10000008.20801
10000008.20912
10000008.16640
10000008.21088
10000008.15266
10000008.20430
10000008.15933
10000008.20427
10000008.16449
10000008.15786
10000008.15905
10000008.14909
10000008.20194
10000008.15852
10000008.20619
10000008.22547
10000008.17729
10000008.21172
10000008.21513
10000008.16272
10000008.16209
10000008.15919
10000008.20150
10000008.15871
10000008.16224
10000008.20442
10000008.15236
10000008.20554
10000008.16354
10000008.20357
10000008.15275
10000008.14944
10000008.19880
10000008.14962
10000008.19439
10000008.17557
10000008.12756
10000008.12620
10000008.17591
10000008.12601
10000008.18111
10000008.12907
10000008.17817
10000008.13708
10000008.17599
10000008.19214
10000008.18276
10000008.14731
10000008.18354
10000008.14887
10000008.14074
10000008.19766
10000008.14440
10000008.19309
10000008.19479
10000008.18538
10000008.13529
10000008.12815
10000008.13061
10000008.14200
10000008.18375
10000008.18289
10000008.19526
10000008.18271
10000008.12860
10000008.13546
10000008.18426
10000008.13146
10000008.12498
10000008.18430
10000008.18192
10000008.17827
10000008.12584
10000008.17390
10000008.11331
10000008.16073
10000008.17074
10000008.11398
10000008.11566
10000008.11869
10000008.12317
10000008.12046
10000008.12896
10000008.13310
10000008.11937
10000008.16931
10000008.13111
10000008.12353
10000008.12953
10000008.18144
10000008.17663
10000008.11881
10000008.12766
10000008.12491
10000008.18127
10000008.14021
10000008.14331
10000008.20113
10000008.19805
10000008.14987
10000008.13862
10000008.19102
10000008.20074
10000008.20944
10000008.15624
10000008.20282
10000008.16627
10000008.15897
10000008.20144
10000008.19720
10000008.19423
10000008.15334
10000008.15245
10000008.15692
10000008.21301
10000008.20825
10000008.20156
10000008.14766
10000008.14584
10000008.19911
10000008.13982
10000008.14394
10000008.14064
10000008.18600
10000008.19700
10000008.13834
10000008.13744
10000008.18670
10000008.13532
10000008.17215
10000008.11844
10000008.12501
10000008.13065
10000008.17623
10000008.19130
10000008.18933
10000008.20399
10000008.16194
10000008.16188
10000008.15414
10000008.15426
10000008.21295
10000008.15181
10000008.20503
10000008.21421
10000008.19954
10000008.15661
10000008.15834
10000008.21370
10000008.15554
10000008.15716
10000008.15086
10000008.19727
10000008.19065
10000008.15714
10000008.15312
10000008.19688
10000008.16591
10000008.21739
10000008.15618
10000008.15656
10000008.21064
10000008.15700
10000008.19852
10000008.15764
10000008.21574
10000008.21199
10000008.16855
10000008.22329
10000008.16038
10000008.20451
10000008.21523
10000008.15925
10000008.21637
10000008.16075
10000008.20370
10000008.21056
10000008.22341
10000008.21731
10000008.21209
10000008.22228
10000008.21696
10000008.20825
10000008.17603
10000008.16851
10000008.16769
10000008.16457
10000008.21172
10000008.15688
10000008.22192
10000008.21989
10000008.17989
10000008.18097
10000008.17761
10000008.17882
10000008.18768
10000008.23411
10000008.19056
10000008.24670
10000008.18872
10000008.24144
10000008.18714
10000008.22885
10000008.19314
10000008.24691
10000008.23655
10000008.24463
10000008.18386
10000008.23074
10000008.19172
10000008.24206
10000008.19353
10000008.24545
10000008.20158
10000008.25371
10000008.19756
10000008.19517
10000008.25126
10000008.19586
10000008.23720
10000008.24356
10000008.23828
10000008.17821
10000008.17948
10000008.22090
10000008.17917
10000008.18212
10000008.23396
10000008.23655
10000008.19330
10000008.24983
10000008.19868
10000008.23465
10000008.19429
10000008.19270
10000008.23574
10000008.19676
10000008.19616
10000008.23753
10000008.24015
10000008.19221
10000008.23463
10000008.19050
10000008.17878
10000008.22262
10000008.23086
10000008.18558
10000008.24080
10000008.19186
10000008.22617
10000008.22884
10000008.23542
10000008.22149
10000008.17888
10000008.18298
10000008.17834
10000008.17720
10000008.18163
10000008.23751
10000008.23427
10000008.19088
10000008.24449
10000008.18690
10000008.25524
10000008.19560
10000008.24527
10000008.23326
10000008.19204
10000008.17975
10000008.18017
10000008.18386
10000008.22905
10000008.23328
10000008.23384
10000008.22950
10000008.22768
10000008.18494
10000008.23675
10000008.23192
10000008.17904
10000008.23972
10000008.18979
10000008.24912
10000008.23486
10000008.19507
10000008.18980
10000008.18887
10000008.19559
10000008.18690
10000008.23030
10000008.17973
10000008.18457
10000008.19024
10000008.23071
10000008.18180
10000008.22044
10000008.17884
10000008.23483
10000008.18969
10000008.18429
10000008.22676
10000008.18721
10000008.18266
10000008.18084
10000008.24719
10000008.19843
10000008.19715
10000008.24607
10000008.24148
10000008.24447
10000008.19651
10000008.24154
10000008.23556
10000008.24448
10000008.23905
10000008.18489
10000008.18281
10000008.23862
10000008.18770
10000008.17613
10000008.22463
10000008.19264
10000008.19602
10000008.24078
10000008.19839
10000008.19105
10000008.23174
10000008.19229
10000008.20220
10000008.24952
10000008.20327
10000008.20523
10000008.25559
10000008.24700
10000008.19626
10000008.25360
10000008.20547
10000008.20868
10000008.20443
10000008.20156
10000008.20272
10000008.26121
10000008.25274
10000008.20674
10000008.26583
10000008.21053
10000008.20220
10000008.20733
10000008.20288
10000008.21081
10000008.26242
10000008.21002
10000008.26861
10000008.27310
10000008.25970
10000008.26455
10000008.27474
10000008.22124
10000008.22203
10000008.22767
10000008.21758
10000008.27153
10000008.21924
10000008.22314
10000008.22129
10000008.27187
10000008.21892
10000008.26099
10000008.25694
10000008.21678
10000008.21404
10000008.20642
10000008.21101
10000008.21386
10000008.21980
10000008.26579
10000008.27205
10000008.27019
10000008.22494
10000008.23716
10000008.23789
10000008.23243
10000008.28106
10000008.28833
10000008.24351
10000008.24114
10000008.29066
10000008.29780
10000008.29021
10000008.29732
10000008.23920
10000008.28929
10000008.25055
10000008.29396
10000008.24912
10000008.29701
10000008.29163
10000008.30204
10000008.25357
10000008.25326
10000008.31158
10000008.30630
10000008.25605
10000008.31363
10000008.25076
10000008.26057
10000008.25627
10000008.25472
10000008.30887
10000008.26544
10000008.25722
10000008.32038
10000008.26543
10000008.31028
10000008.25908
10000008.31208
10000008.29899
10000008.30525
10000008.25496
10000008.25933
10000008.26084
10000008.25457
10000008.30365
10000008.24896
10000008.28719
10000008.23966
10000008.24306
10000008.29325
10000008.24261
10000008.24203
10000008.29863
10000008.29545
10000008.29379
10000008.24935
10000008.24323
10000008.29164
10000008.29915
10000008.24501
10000008.23696
10000008.23623
10000008.28768
10000008.23196
10000008.29299
10000008.24109
10000008.22614
10000008.22576
10000008.22950
10000008.26540
10000008.21206
10000008.27259
10000008.28724
10000008.23086
10000008.22712
10000008.21845
10000008.26598
10000008.21489
10000008.26128
10000008.22341
10000008.22153
10000008.22152
10000008.26559
10000008.22836
10000008.21665
10000008.27066
10000008.27333
10000008.26660
10000008.22341
10000008.22465
10000008.22705
10000008.22349
10000008.27281
10000008.26450
10000008.27302
10000008.22452
10000008.27499
10000008.22491
10000008.27431
10000008.27331
10000008.22739
10000008.27136
10000008.26121
10000008.28039
10000008.28671
10000008.22920
10000008.28976
10000008.28588
10000008.23970
10000008.28440
10000008.26882
10000008.22585
10000008.23106
10000008.22249
10000008.21674
10000008.26514
10000008.21111
10000008.19446
10000008.24789
10000008.20784
10000008.21187
10000008.19823
10000008.19979
10000008.20635
10000008.24801
10000008.26313
10000008.21250
10000008.21244
10000008.27014
10000008.21908
10000008.21176
10000008.20914
10000008.26976
10000008.21512
10000008.20954
10000008.27200
10000008.20763
10000008.26666
10000008.27518
10000008.25683
10000008.22313
10000008.21292
10000008.21024
10000008.21698
10000008.26595
10000008.21648
10000008.27015
10000008.21820
10000008.26172
10000008.21880
10000008.26550
10000008.22401
10000008.26892
10000008.26502
10000008.26945
10000008.21954
10000008.21775
10000008.27294
10000008.22262
10000008.27899
10000008.26943
10000008.27114
10000008.22016
10000008.27943
10000008.22261
10000008.22291
10000008.22747
10000008.27582
10000008.22451
10000008.28113
10000008.22334
10000008.22108
10000008.20408
10000008.20563
10000008.20968
10000008.19854
10000008.25194
10000008.19599
10000008.19654
10000008.19852
10000008.25210
10000008.19893
10000008.19689
10000008.19085
10000008.19227
10000008.24224
10000008.23573
10000008.19784
10000008.19402
10000008.24963
10000008.25485
10000008.24552
10000008.20332
10000008.24448
10000008.23727
10000008.19472
10000008.25714
10000008.19179
10000008.23495
10000008.19673
10000008.18830
10000008.23587
10000008.19507
10000008.24181
10000008.23548
10000008.18752
10000008.23716
10000008.19252
10000008.24820
10000008.19760
10000008.22938
10000008.18807
10000008.18480
10000008.17955
10000008.17538
10000008.21654
10000008.16600
10000008.16830
10000008.21146
10000008.21560
10000008.21402
10000008.17640
10000008.16844
10000008.17107
10000008.16679
10000008.17367
10000008.22728
10000008.22641
10000008.18252
10000008.22775
10000008.24007
10000008.23656
10000008.18451
10000008.22751
10000008.23362
10000008.18456
10000008.17308
10000008.23833
10000008.23256
10000008.23515
10000008.19148
10000008.23160
10000008.17385
10000008.22215
10000008.22902
10000008.22171
10000008.21528
10000008.17646
10000008.22541
10000008.17121
10000008.21602
10000008.22735
10000008.21243
10000008.16042
10000008.17046
10000008.17231
10000008.21567
10000008.22554
10000008.23222
10000008.17419
10000008.17409
10000008.21679
10000008.17100
10000008.22286
10000008.17953
10000008.17041
10000008.17381
10000008.22473
10000008.21622
10000008.16858
10000008.22768
10000008.16664
10000008.22725
10000008.17960
10000008.17416
10000008.22909
10000008.22038
10000008.22271
10000008.16503
10000008.16528
10000008.16949
10000008.17174
10000008.20984
10000008.17774
10000008.20665
10000008.17260
10000008.16537
10000008.16503
10000008.22556
10000008.17094
10000008.17293
10000008.21302
10000008.16793
10000008.21699
10000008.15287
10000008.15747
10000008.14562
10000008.19670
10000008.15476
10000008.20199
10000008.14676
10000008.20381
10000008.19853
10000008.15404
10000008.15077
10000008.14894
10000008.15954
10000008.22554
10000008.21067
10000008.15741
10000008.15937
10000008.15554
10000008.15564
10000008.16565
10000008.20805
10000008.22069
10000008.17289
10000008.21374
10000008.16733
10000008.16144
10000008.20531
10000008.17703
10000008.21479
10000008.16960
10000008.21471
10000008.16566
10000008.22033
10000008.21497
10000008.17190
10000008.20919
10000008.17067
10000008.22171
10000008.21537
10000008.17191
10000008.16689
10000008.21127
10000008.20613
10000008.17160
10000008.16515
10000008.16089
10000008.22067
10000008.17308
10000008.16092
10000008.22289
10000008.21462
10000008.21671
10000008.15925
10000008.15271
10000008.20760
10000008.15839
10000008.14708
10000008.19973
10000008.15284
10000008.21437
10000008.15830
10000008.16497
10000008.21499
10000008.21442
10000008.16263
10000008.21654
10000008.16454
10000008.20854
10000008.21551
10000008.22225
10000008.17425
10000008.20781
10000008.16963
10000008.16256
10000008.20968
10000008.21837
10000008.16374
10000008.21183
10000008.21820
10000008.22465
10000008.16979
10000008.17803
10000008.17589
10000008.16857
10000008.17463
10000008.16811
10000008.22499
10000008.17256
10000008.22487
10000008.17601
10000008.21802
10000008.17592
10000008.16727
10000008.17096
10000008.21118
10000008.16628
10000008.22781
10000008.17234
10000008.17048
10000008.17756
10000008.17768
10000008.17430
10000008.22933
10000008.22496
10000008.22906
10000008.18143
10000008.17118
10000008.16272
10000008.17310
10000008.16841
10000008.16769
10000008.16842
10000008.17798
10000008.22508
10000008.18379
10000008.17954
10000008.18022
10000008.17111
10000008.21176
10000008.22966
10000008.18219
10000008.17329
10000008.22488
10000008.22776
10000008.17304
10000008.16734
10000008.22557
10000008.18567
10000008.17484
10000008.21336
10000008.16567
10000008.20602
10000008.16393
10000008.22206
10000008.16859
10000008.22939
10000008.17007
10000008.16972
10000008.22162
10000008.16493
10000008.17584
10000008.17715
10000008.17603
10000008.22287
10000008.23521
10000008.18118
10000008.22647
10000008.18183
10000008.22845
10000008.19419
10000008.23812
10000008.17220
10000008.17066
10000008.16987
10000008.22863
10000008.18858
10000008.23759
10000008.22775
10000008.17712
10000008.17080
10000008.23807
10000008.17125
10000008.16585
10000008.23006
10000008.23018
10000008.17529
10000008.21549
10000008.17360
10000008.22522
10000008.22424
10000008.17549
10000008.22822
10000008.22707
10000008.18045
10000008.23812
10000008.18326
10000008.23362
10000008.24926
10000008.24971
10000008.19501
10000008.19911
10000008.19307
10000008.18923
10000008.19216
10000008.18739
10000008.18930
10000008.18787
10000008.24813
10000008.19951
10000008.24578
10000008.20673
10000008.20668
10000008.19849
10000008.25075
10000008.20262
10000008.19571
10000008.19253
10000008.20387
10000008.20776
10000008.25588
10000008.20334
10000008.20076
10000008.20961
10000008.21827
10000008.21533
10000008.25745
10000008.20689
10000008.21556
10000008.21005
10000008.21687
10000008.26087
10000008.27372
10000008.20422
10000008.20978
10000008.21648
10000008.20717
10000008.22071
10000008.21972
10000008.26827
10000008.28498
10000008.22981
10000008.28314
10000008.22941
10000008.27321
10000008.22639
10000008.26528
10000008.21904
10000008.22261
10000008.22361
10000008.21990
10000008.27295
10000008.22226
10000008.22052
10000008.23088
10000008.27351
10000008.27428
10000008.26485
10000008.22382
10000008.22353
10000008.26686
10000008.27659
10000008.27140
10000008.25405
10000008.20517
10000008.21184
10000008.25783
10000008.20506
10000008.21240
10000008.25216
10000008.20894
10000008.21814
10000008.21246
10000008.25884
10000008.27198
10000008.20611
10000008.25666
10000008.20322
10000008.20120
10000008.20023
10000008.24411
10000008.23801
10000008.20199
10000008.19856
10000008.24927
10000008.26188
10000008.21621
10000008.26841
10000008.22019
10000008.27397
10000008.25707
10000008.20055
10000008.21396
10000008.21034
10000008.22401
10000008.27458
10000008.21392
10000008.26390
10000008.22677
10000008.27982
10000008.27418
10000008.22221
10000008.28327
10000008.28049
10000008.21967
10000008.26767
10000008.26759
10000008.21386
10000008.26607
10000008.26543
10000008.25705
10000008.21055
10000008.20391
10000008.25707
10000008.26744
10000008.22574
10000008.26981
10000008.27969
10000008.22164
10000008.21184
10000008.26139
10000008.21959
10000008.26300
10000008.26515
10000008.21568
10000008.21034
10000008.20513
10000008.26060
10000008.21473
10000008.26141
10000008.20814
10000008.21796
10000008.21706
10000008.20621
10000008.26761
10000008.26447
10000008.21316
10000008.26423
10000008.27623
10000008.21861
10000008.27069
10000008.21843
10000008.26529
10000008.21622
10000008.21888
10000008.21703
10000008.26669
10000008.23314
10000008.27986
10000008.22822
10000008.23093
10000008.28546
10000008.28025
10000008.23828
10000008.23696
10000008.27948
10000008.23870
10000008.29414
10000008.28709
10000008.29190
10000008.25544
10000008.24765
10000008.24621
10000008.31890
10000008.30723
10000008.24991
10000008.30351
10000008.24379
10000008.25026
10000008.24803
10000008.30592
10000008.25857
10000008.25364
10000008.30471
10000008.26135
10000008.25554
10000008.30414
10000008.25290
10000008.30000
10000008.31356
10000008.30144
10000008.25228
10000008.30976
10000008.31740
10000008.25867
10000008.25480
10000008.31987
10000008.30695
10000008.29807
10000008.25703
10000008.25936
10000008.25746
10000008.30207
10000008.30124
10000008.24818
10000008.23962
10000008.23761
10000008.24683
10000008.24746
10000008.28833
10000008.25022
10000008.24458
10000008.23992
10000008.25187
10000008.31681
10000008.24982
10000008.25653
10000008.30250
10000008.29059
10000008.30021
10000008.24594
10000008.24427
10000008.30182
10000008.25843
10000008.25714
10000008.25626
10000008.30565
10000008.24754
10000008.28942
10000008.25095
10000008.24855
10000008.29356
10000008.25519
10000008.30645
10000008.29783
10000008.25950
10000008.25540
10000008.28793
10000008.29595
10000008.24524
10000008.25180
10000008.24782
10000008.29500
10000008.25752
10000008.24716
10000008.25206
10000008.25419
10000008.25131
10000008.30591
10000008.30634
10000008.25313
10000008.25537
10000008.30722
10000008.24911
10000008.28820
10000008.24608
10000008.29450
10000008.31153
10000008.30886
10000008.30731
10000008.25221
10000008.25234
10000008.25722
10000008.25461
10000008.25301
10000008.25491
10000008.25681
10000008.31066
10000008.24765
10000008.25546
10000008.30579
10000008.24574
10000008.28248
10000008.29103
10000008.23369
10000008.23897
10000008.24811
10000008.29320
10000008.25452
10000008.30041
10000008.28717
10000008.28045
10000008.23589
10000008.27580
10000008.23943
10000008.24518
10000008.28622
10000008.29225
10000008.30274
10000008.29786
10000008.29486
10000008.24699
10000008.25152
10000008.25382
10000008.25216
10000008.29608
10000008.30100
10000008.29029
10000008.24707
10000008.29871
10000008.24662
10000008.29486
10000008.25461
10000008.31508
10000008.24555
10000008.29666
10000008.25399
10000008.30297
10000008.29196
10000008.29647
10000008.24126
10000008.29734
10000008.30538
10000008.25078
10000008.25208
10000008.30102
10000008.28855
10000008.29067
10000008.24672
10000008.24006
10000008.28048
10000008.28639
10000008.22838
10000008.28261
10000008.22743
10000008.26824
10000008.28362
10000008.28360
10000008.22807
10000008.22735
10000008.28621
10000008.29168
10000008.22791
10000008.23104
10000008.28590
10000008.23460
10000008.27782
10000008.28405
10000008.23069
10000008.27434
10000008.22946
10000008.28136
10000008.26807
10000008.22801
10000008.27479
10000008.23082
10000008.24435
10000008.29183
10000008.24039
10000008.29460
10000008.24155
10000008.27655
10000008.23401
10000008.23452
10000008.22984
10000008.27849
10000008.23202
10000008.22176
10000008.26724
10000008.22521
10000008.26456
10000008.22734
10000008.26593
10000008.21912
10000008.22004
10000008.22688
10000008.27389
10000008.21283
10000008.21341
10000008.26449
10000008.26265
10000008.25076
10000008.25952
10000008.26523
10000008.21374
10000008.19972
10000008.20567
10000008.21969
10000008.26327
10000008.22802
10000008.22254
10000008.26397
10000008.22260
10000008.26425
10000008.21602
10000008.26194
10000008.20192
10000008.20839
10000008.20944
10000008.25606
10000008.21293
10000008.26584
10000008.21692
10000008.27270
10000008.26641
10000008.26951
10000008.21395
10000008.25042
10000008.20759
10000008.20532
10000008.19926
10000008.20316
10000008.25214
10000008.24553
10000008.25589
10000008.19772
10000008.23503
10000008.24701
10000008.19877
10000008.20161
10000008.20633
10000008.25546
10000008.27694
10000008.21137
10000008.24210
10000008.20059
10000008.25450
10000008.24055
10000008.23694
10000008.24373
10000008.18906
10000008.18014
10000008.22842
10000008.23639
10000008.22516
10000008.23097
10000008.17633
10000008.21877
10000008.22990
10000008.17858
10000008.22021
10000008.17138
10000008.17093
10000008.21682
10000008.22404
10000008.17321
10000008.15981
10000008.16720
10000008.23540
10000008.21996
10000008.18728
10000008.23024
10000008.18394
10000008.22881
10000008.18485
10000008.23715
10000008.18705
10000008.17726
10000008.23750
10000008.23374
10000008.18494
10000008.23287
10000008.22170
10000008.17223
10000008.22585
10000008.17018
10000008.22319
10000008.16272
10000008.15516
10000008.16290
10000008.21370
10000008.20055
10000008.15537
10000008.20056
10000008.15535
10000008.14661
10000008.20672
10000008.16505
10000008.20966
10000008.20320
10000008.20398
10000008.15615
10000008.15138
10000008.15078
10000008.19755
10000008.20533
10000008.20362
10000008.16191
10000008.15659
10000008.15487
10000008.21175
10000008.15841
10000008.20058
10000008.21152
10000008.15034
10000008.16110
10000008.15705
10000008.15192
10000008.20476
10000008.21585
10000008.16220
10000008.20891
10000008.20557
10000008.20511
10000008.21108
10000008.14730
10000008.15251
10000008.19732
10000008.19886
10000008.20934
10000008.15335
10000008.13986
10000008.18770
10000008.19413
10000008.19212
10000008.13435
10000008.13673
10000008.17739
10000008.13242
10000008.18984
10000008.19096
10000008.14695
10000008.18624
10000008.14563
10000008.14787
10000008.19559
10000008.19069
10000008.13696
10000008.18131
10000008.13571
10000008.17478
10000008.13834
10000008.14261
10000008.13662
10000008.14706
10000008.19465
10000008.19315
10000008.20078
10000008.20504
10000008.20223
10000008.20349
10000008.15248
10000008.20506
10000008.15388
10000008.21160
10000008.20840
10000008.15928
10000008.16144
10000008.20386
10000008.14697
10000008.14682
10000008.19911
10000008.14969
10000008.19518
10000008.15586
10000008.20599
10000008.19921
10000008.14767
10000008.14946
10000008.19590
10000008.20573
10000008.14817
10000008.14872
10000008.19665
10000008.14195
10000008.18668
10000008.14033
10000008.17898
10000008.16302
10000008.11536
10000008.16813
10000008.12439
10000008.11874
10000008.17322
10000008.18473
10000008.13098
10000008.13901
10000008.13973
10000008.13430
10000008.18383
10000008.19472
10000008.13018
10000008.19348
10000008.18934
10000008.13697
10000008.19252
10000008.18880
10000008.14896
10000008.13419
10000008.13071
10000008.13585
10000008.13216
10000008.13491
10000008.18374
10000008.13342
10000008.18414
10000008.19463
10000008.19839
10000008.13847
10000008.14172
10000008.17206
10000008.12190
10000008.17516
10000008.13310
10000008.13272
10000008.18618
10000008.14638
10000008.13423
10000008.17785
10000008.13171
10000008.18376
10000008.13601
10000008.14329
10000008.14210
10000008.13708
10000008.18994
10000008.15551
10000008.13995
10000008.19493
10000008.14179
10000008.13423
10000008.14376
10000008.14088
10000008.20367
10000008.19955
10000008.15617
10000008.14266
10000008.19014
10000008.18735
10000008.12844
10000008.18732
10000008.18367
10000008.19945
10000008.15873
10000008.20207
10000008.15493
10000008.20917
10000008.15890
10000008.20095
10000008.15538
10000008.20343
10000008.20718
10000008.15733
10000008.14852
10000008.19912
10000008.20081
10000008.19922
10000008.19796
10000008.20612
10000008.15934
10000008.15661
10000008.16892
10000008.16878
10000008.21274
10000008.15781
10000008.15211
10000008.14577
10000008.16129
10000008.15543
10000008.15045
10000008.15581
10000008.16331
10000008.15634
10000008.21361
10000008.21954
10000008.21589
10000008.16659
10000008.17026
10000008.21700
10000008.20910
10000008.21307
10000008.15907
10000008.16829
10000008.17665
10000008.21401
10000008.22402
10000008.17962
10000008.17053
10000008.16401
10000008.21637
10000008.16670
10000008.22098
10000008.17359
10000008.16850
10000008.22836
10000008.22756
10000008.21624
10000008.16685
10000008.16818
10000008.21175
10000008.21810
10000008.16950
10000008.21018
10000008.16605
10000008.16673
10000008.15539
10000008.15883
10000008.16166
10000008.14292
10000008.14695
10000008.14920
10000008.18981
10000008.14952
10000008.20528
10000008.21356
10000008.20482
10000008.20919
10000008.21989
10000008.21189
10000008.14833
10000008.14884
10000008.15801
10000008.15666
10000008.20348
10000008.19176
10000008.14096
10000008.13820
10000008.18982
10000008.15082
10000008.20638
10000008.16204
10000008.20576
10000008.16344
10000008.21722
10000008.22266
10000008.21881
10000008.17606
10000008.16881
10000008.16799
10000008.16269
10000008.22210
10000008.17245
10000008.16998
10000008.21977
10000008.16446
10000008.16002
10000008.23542
10000008.16711
10000008.22541
10000008.17619
10000008.18096
10000008.24364
10000008.22489
10000008.18043
10000008.22882
10000008.22462
10000008.17675
10000008.23199
10000008.22837
10000008.18693
10000008.18943
10000008.23429
10000008.19849
10000008.25356
10000008.25088
10000008.20572
10000008.19893
10000008.20140
10000008.24271
10000008.25537
10000008.25016
10000008.20239
10000008.25808
10000008.25722
10000008.20580
10000008.26287
10000008.21134
10000008.24988
10000008.25416
10000008.26189
10000008.20981
10000008.20380
10000008.24922
10000008.20732
10000008.26157
10000008.20735
10000008.20567
10000008.20294
10000008.19562
10000008.24233
10000008.20401
10000008.25300
10000008.20556
10000008.26483
10000008.26535
10000008.25183
10000008.20287
10000008.26279
10000008.21672
10000008.20700
10000008.26162
10000008.26200
10000008.25927
10000008.21483
10000008.21688
10000008.26723
10000008.20966
10000008.25739
10000008.20783
10000008.21219
10000008.25059
10000008.21647
10000008.21298
10000008.25646
10000008.21655
10000008.27461
10000008.22478
10000008.27304
10000008.22272
10000008.22522
10000008.22154
10000008.27823
10000008.23448
10000008.23016
10000008.28374
10000008.29268
10000008.23832
10000008.23932
10000008.29020
10000008.28673
10000008.22889
10000008.27434
10000008.27295
10000008.23987
10000008.24044
10000008.24235
10000008.29670
10000008.29930
10000008.29389
10000008.25364
10000008.25514
10000008.24550
10000008.25056
10000008.26091
10000008.25477
10000008.25767
10000008.25013
10000008.28924
10000008.29984
10000008.30408
10000008.29499
10000008.25062
10000008.25713
10000008.24181
10000008.24120
10000008.29668
10000008.25604
10000008.25223
10000008.24969
10000008.24741
10000008.24671
10000008.31180
10000008.30264
10000008.26940
10000008.27276
10000008.26794
10000008.26789
10000008.32224
10000008.27026
10000008.26927
10000008.30823
10000008.26554
10000008.26008
10000008.26426
10000008.31868
10000008.30590
10000008.31028
10000008.31113
10000008.30720
10000008.25751
10000008.31210
10000008.26201
10000008.31298
10000008.27150
10000008.26417
10000008.27043
10000008.32758
10000008.27557
10000008.32294
10000008.27942
10000008.33095
10000008.27146
10000008.27769
10000008.27839
10000008.33543
10000008.33370
10000008.29029
10000008.34218
10000008.28656
10000008.34503
10000008.33710
10000008.33074
10000008.29693
10000008.34357
10000008.29681
10000008.30670
10000008.30135
10000008.30381
10000008.30155
10000008.30438
10000008.30331
10000008.34641
10000008.30017
10000008.35706
10000008.29604
10000008.30105
10000008.34846
10000008.30403
10000008.30220
10000008.34941
10000008.35416
10000008.35182
10000008.29266
10000008.29522
10000008.35194
10000008.34187
10000008.35260
10000008.30091
10000008.30619
10000008.30435
10000008.29938
10000008.30897
10000008.30698
10000008.35914
10000008.29578
10000008.29603
10000008.29988
10000008.30392
10000008.29851
10000008.30502
10000008.30759
10000008.30161
10000008.30377
10000008.35564
10000008.31243
10000008.31106
10000008.35497
10000008.30009
10000008.35449
10000008.30353
10000008.29996
10000008.33837
10000008.33862
10000008.33296
10000008.34239
10000008.33274
10000008.34124
10000008.28721
10000008.32942
10000008.32680
10000008.29026
10000008.28600
10000008.29461
10000008.34400
10000008.33305
10000008.34069
10000008.28143
10000008.27573
10000008.28170
10000008.28877
10000008.29658
10000008.34721
10000008.33523
10000008.29529
10000008.35376
10000008.29184
10000008.29568
10000008.34720
10000008.29171
10000008.33306
10000008.28999
10000008.29111
10000008.33412
10000008.28840
10000008.34485
10000008.29942
10000008.30168
10000008.34007
10000008.29561
10000008.34154
10000008.29482
10000008.34556
10000008.30361
10000008.31340
10000008.30846
10000008.36289
10000008.36414
10000008.31009
10000008.35218
10000008.34560
10000008.30294
10000008.35089
10000008.31313
10000008.30258
10000008.30120
10000008.34504
10000008.35902
10000008.30356
10000008.34910
10000008.30176
10000008.30244
10000008.29309
10000008.34397
10000008.34033
10000008.33162
10000008.28506
10000008.34510
10000008.33061
10000008.33747
10000008.29002
10000008.29018
10000008.33054
10000008.27935
10000008.28067
10000008.28128
10000008.32826
10000008.28109
10000008.32442
10000008.28262
10000008.28062
10000008.33988
10000008.29026
10000008.28789
10000008.28461
10000008.34151
10000008.28192
10000008.32691
10000008.28866
10000008.28009
10000008.27742
10000008.27704
10000008.28297
10000008.28622
10000008.28440
10000008.29570
10000008.34694
10000008.33382
10000008.28828
10000008.32941
10000008.28182
10000008.34143
10000008.33252
10000008.34459
10000008.29364
10000008.33859
10000008.33869
10000008.29158
10000008.28704
10000008.27696
10000008.27500
10000008.27532
10000008.27119
10000008.27534
10000008.31906
10000008.26864
10000008.27387
10000008.31746
10000008.32479
10000008.27674
10000008.27536
10000008.31924
10000008.27618
10000008.26939
10000008.27616
10000008.26836
10000008.31862
10000008.27921
10000008.32675
10000008.28776
10000008.29047
10000008.32810
10000008.27595
10000008.31549
10000008.27175
10000008.26936
10000008.31128
10000008.25439
10000008.27017
10000008.32716
10000008.31788
10000008.32100
10000008.26821
10000008.31288
10000008.26847
10000008.27135
10000008.30143
10000008.25204
10000008.25912
10000008.30914
10000008.30360
10000008.31935
10000008.26584
10000008.26420
10000008.31577
10000008.30822
10000008.26985
10000008.26597
10000008.31388
10000008.25788
10000008.26798
10000008.31984
10000008.30616
10000008.26091
10000008.25633
10000008.29613
10000008.29729
10000008.30334
10000008.30901
10000008.25208
10000008.25217
10000008.30028
10000008.30907
10000008.29786
10000008.24946
10000008.25033
10000008.29862
10000008.24036
10000008.29520
10000008.29471
10000008.23097
10000008.23344
10000008.23894
10000008.24262
10000008.23474
10000008.23288

