10000009.45439
10000009.49731
10000009.50385
10000009.46214
10000009.49971
10000009.45125
10000009.45288
10000009.50645
10000009.45306
10000009.45009
10000009.51139
10000009.45655
10000009.46282
10000009.46642
10000009.46533
10000009.46757
10000009.52040
10000009.47138
10000009.52488
10000009.52552
10000009.52626
10000009.48001
10000009.48388
10000009.47790
10000009.52242
10000009.48411
10000009.48118
10000009.48784
10000009.53075
10000009.54377
10000009.49269
10000009.54838
10000009.49861
10000009.54608
10000009.55030
10000009.54590
10000009.50239
10000009.50481
10000009.56268
10000009.51042
10000009.55704
10000009.52052
10000009.57264
10000009.53146
10000009.52780
10000009.52426
10000009.59009
10000009.58283
10000009.57973
10000009.53142
10000009.57920
10000009.52396
10000009.53420
10000009.52910
10000009.53260
10000009.53934
10000009.54502
10000009.54651
10000009.54157
10000009.54137
10000009.53515
10000009.54177
10000009.58529
10000009.54719
10000009.54772
10000009.59102
10000009.54872
10000009.59764
10000009.59264
10000009.55586
10000009.60280
10000009.60684
10000009.56376
10000009.56013
10000009.55083
10000009.56360
10000009.56656
10000009.56155
10000009.56447
10000009.61361
10000009.60403
10000009.60811
10000009.56531
10000009.56815
10000009.56405
10000009.62074
10000009.56979
10000009.57707
10000009.57599
10000009.58452
10000009.62882
10000009.58556
10000009.64135
10000009.58652
10000009.63930
10000009.58747
10000009.59048
10000009.59055
10000009.63539
10000009.59284
10000009.59779
10000009.59392
10000009.60358
10000009.60739
10000009.65172
10000009.65853
10000009.61494
10000009.60330
10000009.60738
10000009.65939
10000009.60108
10000009.59801
10000009.61316
10000009.65735
10000009.60459
10000009.65352
10000009.60532
10000009.65773
10000009.64792
10000009.65571
10000009.60314
10000009.60889
10000009.62539
10000009.67154
10000009.60974
10000009.61879
10000009.61382
10000009.66334
10000009.62078
10000009.67939
10000009.62411
10000009.61856
10000009.68264
10000009.64099
10000009.63434
10000009.68331
10000009.69582
10000009.64610
10000009.68074
10000009.68199
10000009.64008
10000009.63453
10000009.63412
10000009.63374
10000009.69263
10000009.64278
10000009.63590
10000009.69271
10000009.64356
10000009.63914
10000009.68863
10000009.65253
10000009.64752
10000009.64255
10000009.64787
10000009.63983
10000009.64688
10000009.69423
10000009.63714
10000009.63398
10000009.69896
10000009.70786
10000009.64696
10000009.65436
10000009.70572
10000009.64861
10000009.65160
10000009.65249
10000009.71077
10000009.70707
10000009.65647
10000009.70946
10000009.64663
10000009.65022
10000009.70025
10000009.63961
10000009.69152
10000009.64509
10000009.63764
10000009.64638
10000009.65729
10000009.70060
10000009.70278
10000009.65822
10000009.65669
10000009.65622
10000009.66146
10000009.65869
10000009.70382
10000009.70477
10000009.66275
10000009.65812
10000009.71425
10000009.65080
10000009.71535
10000009.70644
10000009.64729
10000009.64878
10000009.65887
10000009.65080
10000009.70312
10000009.65361
10000009.66263
10000009.71932
10000009.65241
10000009.66061
10000009.71980
10000009.65836
10000009.71186
10000009.65654
10000009.71676
10000009.65791
10000009.66363
10000009.70588
10000009.70941
10000009.65927
10000009.65656
10000009.70523
10000009.65799
10000009.65157
10000009.64276
10000009.69903
10000009.69261
10000009.70349
10000009.70311
10000009.64553
10000009.65125
10000009.71113
10000009.65693
10000009.71441
10000009.66136
10000009.71035
10000009.66177
10000009.67212
10000009.70728
10000009.66332
10000009.66726
10000009.70291
10000009.64830
10000009.65085
10000009.69480
10000009.65551
10000009.65140
10000009.69422
10000009.66114
10000009.65771
10000009.65981
10000009.66884
10000009.65845
10000009.71329
10000009.64901
10000009.65628
10000009.66175
10000009.70689
10000009.72043
10000009.66090
10000009.72290
10000009.65658
10000009.71687
10000009.71057
10000009.70394
10000009.66483
10000009.65885
10000009.65937
10000009.66316
10000009.65789
10000009.66407
10000009.70338
10000009.65150
10000009.70847
10000009.66401
10000009.71080
10000009.70630
10000009.66639
10000009.66289
10000009.66439
10000009.65999
10000009.65902
10000009.66302
10000009.67182
10000009.66939
10000009.67217
10000009.67163
10000009.72355
10000009.67466
10000009.67300
10000009.73379
10000009.68406
10000009.67184
10000009.72363
10000009.67044
10000009.66515
10000009.66917
10000009.66963
10000009.67240
10000009.66832
10000009.71901
10000009.66064
10000009.65828
10000009.70730
10000009.71731
10000009.65494
10000009.66208
10000009.66400
10000009.65917
10000009.71203
10000009.64971
10000009.69249
10000009.64250
10000009.64243
10000009.63460
10000009.63013
10000009.68423
10000009.62849
10000009.63761
10000009.63875
10000009.68866
10000009.64489
10000009.64396
10000009.63975
10000009.64945
10000009.64619
10000009.68752
10000009.64790
10000009.64643
10000009.68816
10000009.64611
10000009.64405
10000009.64735
10000009.63636
10000009.64176
10000009.68540
10000009.67396
10000009.67385
10000009.61684
10000009.61446
10000009.66346
10000009.60969
10000009.65967
10000009.66695
10000009.61605
10000009.66605
10000009.67849
10000009.66596
10000009.68067
10000009.62100
10000009.66089
10000009.61937
10000009.60488
10000009.66685
10000009.66952
10000009.65668
10000009.59768
10000009.59349
10000009.65023
10000009.59738
10000009.65272
10000009.60234
10000009.59287
10000009.59459
10000009.65188
10000009.59139
10000009.59104
10000009.59916
10000009.65141
10000009.58853
10000009.64875
10000009.65073
10000009.64455
10000009.59772
10000009.64246
10000009.58388
10000009.59246
10000009.58881
10000009.63542
10000009.64109
10000009.57810
10000009.58386
10000009.59928
10000009.65392
10000009.59728
10000009.65601
10000009.61018
10000009.60056
10000009.60935
10000009.60329
10000009.66021
10000009.60444
10000009.60206
10000009.60722
10000009.60478
10000009.60903
10000009.61327
10000009.65268
10000009.65103
10000009.60117
10000009.59126
10000009.64557
10000009.60178
10000009.64467
10000009.60241
10000009.66293
10000009.61401
10000009.60553
10000009.66092
10000009.61958
10000009.66521
10000009.61093
10000009.61462
10000009.67157
10000009.61444
10000009.61899
10000009.61799
10000009.61316
10000009.61652
10000009.61421
10000009.65094
10000009.65574
10000009.60807
10000009.65874
10000009.59976
10000009.65810
10000009.60457
10000009.64971
10000009.60472
10000009.65519
10000009.64790
10000009.59854
10000009.65646
10000009.60600
10000009.60598
10000009.61198
10000009.60703
10000009.60364
10000009.60917
10000009.66566
10000009.60634
10000009.66424
10000009.59880
10000009.60220
10000009.60331
10000009.64704
10000009.64556
10000009.60237
10000009.64387
10000009.60648
10000009.65292
10000009.60775
10000009.60592
10000009.65437
10000009.60562
10000009.60434
10000009.60031
10000009.60737
10000009.59884
10000009.59839
10000009.64591
10000009.60306
10000009.61267
10000009.60216
10000009.65153
10000009.65126
10000009.59666
10000009.64167
10000009.59185
10000009.65571
10000009.60583
10000009.60111
10000009.59337
10000009.60264
10000009.65504
10000009.57859
10000009.58305
10000009.63876
10000009.58012
10000009.57104
10000009.55784
10000009.60429
10000009.54556
10000009.55373
10000009.60271
10000009.55790
10000009.55666
10000009.56275
10000009.62264
10000009.55849
10000009.59695
10000009.55670
10000009.54244
10000009.59685
10000009.54716
10000009.60195
10000009.56323
10000009.55805
10000009.54976
10000009.55019
10000009.55356
10000009.60889
10000009.59486
10000009.55739
10000009.61744
10000009.56411
10000009.54369
10000009.58421
10000009.54041
10000009.54325
10000009.58787
10000009.52701
10000009.54049
10000009.54934
10000009.55172
10000009.59798
10000009.58754
10000009.54433
10000009.54155
10000009.53566
10000009.53425
10000009.53657
10000009.52999
10000009.52833
10000009.53389
10000009.58449
10000009.52795
10000009.57443
10000009.52724
10000009.52283
10000009.52916
10000009.53546
10000009.53116
10000009.53215
10000009.57183
10000009.52444
10000009.53106
10000009.52560
10000009.57480
10000009.53063
10000009.58102
10000009.54047
10000009.53104
10000009.57049
10000009.52750
10000009.57165
10000009.52975
10000009.58630
10000009.55056
10000009.59179
10000009.59116
10000009.55279
10000009.60991
10000009.56027
10000009.56277
10000009.55648
10000009.61392
10000009.55670
10000009.59741
10000009.55443
10000009.60787
10000009.55763
10000009.60105
10000009.55102
10000009.54426
10000009.59335
10000009.54399
10000009.53862
10000009.55355
10000009.60776
10000009.56458
10000009.61784
10000009.55724
10000009.56477
10000009.56510
10000009.56161
10000009.57020
10000009.57120
10000009.56485
10000009.62995
10000009.57885
10000009.57225
10000009.63030
10000009.57781
10000009.62598
10000009.58305
10000009.58839
10000009.58443
10000009.63555
10000009.63585
10000009.57931
10000009.57543
10000009.57841
10000009.63039
10000009.57794
10000009.58146
10000009.58295
10000009.58534
10000009.63272
10000009.59194
10000009.59226
10000009.59072
10000009.63882
10000009.59095
10000009.63710
10000009.59044
10000009.63441
10000009.63091
10000009.59547
10000009.64139
10000009.64112
10000009.65117
10000009.60065
10000009.61040
10000009.59970
10000009.61031
10000009.60738
10000009.61371
10000009.60733
10000009.61311
10000009.66560
10000009.62488
10000009.66571
10000009.61757
10000009.61690
10000009.60774
10000009.60567
10000009.61398
10000009.66997
10000009.61982
10000009.62438
10000009.67326
10000009.61449
10000009.61124
10000009.61209
10000009.66655
10000009.62170
10000009.62167
10000009.66194
10000009.61884
10000009.66721
10000009.61082
10000009.67179
10000009.61591
10000009.66725
10000009.62787
10000009.63256
10000009.67873
10000009.68250
10000009.63178
10000009.62211
10000009.62906
10000009.62967
10000009.62057
10000009.62462
10000009.63009
10000009.68083
10000009.63612
10000009.63587
10000009.63402
10000009.68789
10000009.63837
10000009.63657
10000009.69487
10000009.64492
10000009.63799
10000009.64484
10000009.69521
10000009.63759
10000009.63250
10000009.63871
10000009.68241
10000009.63282
10000009.64215
10000009.63299
10000009.62851
10000009.62836
10000009.63034
10000009.64016
10000009.63813
10000009.63318
10000009.64278
10000009.64735
10000009.63947
10000009.70202
10000009.65157
10000009.64166
10000009.63508
10000009.64204
10000009.68855
10000009.69171
10000009.63836
10000009.68852
10000009.63563
10000009.67930
10000009.68452
10000009.67746
10000009.62255
10000009.68386
10000009.63345
10000009.68137
10000009.68681
10000009.68832
10000009.63350
10000009.63834
10000009.64015
10000009.68046
10000009.69430
10000009.63248
10000009.62995
10000009.68368
10000009.63199
10000009.63180
10000009.62882
10000009.68868
10000009.63172
10000009.66778
10000009.68081
10000009.63386
10000009.62841
10000009.68325
10000009.67448
10000009.67846
10000009.67840
10000009.66847
10000009.62165
10000009.67172
10000009.61642
10000009.61253
10000009.66626
10000009.63650
10000009.63212
10000009.63062
10000009.63687
10000009.68851
10000009.68426
10000009.63902
10000009.65089
10000009.64877
10000009.69126
10000009.68566
10000009.64221
10000009.69242
10000009.63527
10000009.63736
10000009.69628
10000009.70722
10000009.64936
10000009.64832
10000009.69053
10000009.69355
10000009.63394
10000009.62771
10000009.62733
10000009.68523
10000009.63669
10000009.63636
10000009.64203
10000009.68357
10000009.63005
10000009.63453
10000009.63021
10000009.67130
10000009.66534
10000009.67609
10000009.62076
10000009.63170
10000009.67440
10000009.67201
10000009.67304
10000009.62835
10000009.67552
10000009.62236
10000009.62836
10000009.62105
10000009.61347
10000009.62506
10000009.67646
10000009.67486
10000009.68038
10000009.69261
10000009.64707
10000009.63091
10000009.63866
10000009.67862
10000009.62692
10000009.63059
10000009.67066
10000009.62281
10000009.63791
10000009.63763
10000009.63393
10000009.63489
10000009.63815
10000009.68311
10000009.68091
10000009.64293
10000009.69339
10000009.68660
10000009.64771
10000009.68270
10000009.63688
10000009.64343
10000009.63399
10000009.63613
10000009.69314
10000009.64453
10000009.68885
10000009.65070
10000009.64344
10000009.64283
10000009.65182
10000009.64907
10000009.68503
10000009.69643
10000009.63907
10000009.63829
10000009.70220
10000009.68824
10000009.64143
10000009.68703
10000009.63555
10000009.68630
10000009.65002
10000009.64222
10000009.68980
10000009.65341
10000009.65082
10000009.69826
10000009.69176
10000009.64253
10000009.64053
10000009.63544
10000009.63462
10000009.64150
10000009.63671
10000009.68672
10000009.64547
10000009.64283
10000009.63936
10000009.64078
10000009.68362
10000009.68246
10000009.64120
10000009.68590
10000009.63688
10000009.63743
10000009.63597
10000009.63785
10000009.62796
10000009.63451
10000009.63255
10000009.63279
10000009.68907
10000009.65140
10000009.64797
10000009.64930
10000009.69305
10000009.63265
10000009.67752
10000009.63161
10000009.68885
10000009.64434
10000009.64542
10000009.68658
10000009.64244
10000009.63806
10000009.63971
10000009.68097
10000009.63670
10000009.68178
10000009.68139
10000009.63749
10000009.63876
10000009.64178
10000009.64714
10000009.63823
10000009.65140
10000009.64449
10000009.64330
10000009.69299
10000009.65072
10000009.64607
10000009.68235
10000009.64238
10000009.61981
10000009.62386
10000009.62037
10000009.62534
10000009.62878
10000009.60591
10000009.61760
10000009.59658
10000009.67280
10000009.66204
10000009.59388
10000009.58832
10000009.59247
10000009.57157
10000009.56125
10000009.60529
10000009.55350
10000009.54670
10000009.54259
10000009.53204
10000009.52345
10000009.56986
10000009.53016
10000009.51899
10000009.52788
10000009.50742
10000009.53639
10000009.50474
10000009.54730
10000009.52866
10000009.49261
10000009.53926
10000009.48319
10000009.47745
10000009.50940
10000009.46567
10000009.46924
10000009.46744
10000009.50889
10000009.47407
10000009.51802
10000009.47734
10000009.53364
10000009.51519
10000009.45643
10000009.51570
10000009.46331
10000009.46172
10000009.51808
10000009.46444
10000009.46668
10000009.52325
10000009.46446
10000009.50925
10000009.46778
10000009.52058
10000009.51876
10000009.47034
10000009.52331
10000009.52362
10000009.47774
10000009.47010
10000009.52518
10000009.53676
10000009.48584
10000009.49652
10000009.49905
10000009.54339
10000009.53363
10000009.49172
10000009.49538
10000009.53988
10000009.48895
10000009.54602
10000009.49198
10000009.48779
10000009.54509
10000009.49928
10000009.51979
10000009.50464
10000009.52019
10000009.51312
10000009.50293
10000009.51186
10000009.50426
10000009.50957
10000009.52237
10000009.57628
10000009.53440
10000009.56731
10000009.57256
10000009.53140
10000009.51774
10000009.51516
10000009.52141
10000009.56427
10000009.51364
10000009.55858
10000009.58050
10000009.53821
10000009.53883
10000009.58341
10000009.53690
10000009.52895
10000009.55066
10000009.54014
10000009.55241
10000009.55635
10000009.60217
10000009.56044
10000009.55295
10000009.55939
10000009.61839
10000009.56014
10000009.57069
10000009.55868
10000009.60938
10000009.62128
10000009.62076
10000009.56970
10000009.56677
10000009.57289
10000009.56993
10000009.56640
10000009.56409
10000009.61669
10000009.56602
10000009.57065
10000009.56878
10000009.57895
10000009.62100
10000009.55851
10000009.56454
10000009.56949
10000009.61740
10000009.57436
10000009.56842
10000009.61690
10000009.56970
10000009.56133
10000009.54877
10000009.62191
10000009.57235
10000009.61703
10000009.56189
10000009.58311
10000009.62022
10000009.58606
10000009.63653
10000009.59192
10000009.57648
10000009.58184
10000009.58121
10000009.58169
10000009.62449
10000009.62552
10000009.57193
10000009.57821
10000009.58538
10000009.56840
10000009.57662
10000009.56823
10000009.54682
10000009.59734
10000009.56564
10000009.55159
10000009.55033
10000009.59821
10000009.58944
10000009.55036
10000009.54352
10000009.58751
10000009.54547
10000009.59051
10000009.58220
10000009.58903
10000009.58259
10000009.58450
10000009.52615
10000009.58316
10000009.56204
10000009.51833
10000009.50872
10000009.51833
10000009.51954
10000009.56810
10000009.51078
10000009.53224
10000009.51579
10000009.51008
10000009.55869
10000009.50417
10000009.50136
10000009.49840
10000009.53566
10000009.48725
10000009.50001
10000009.50709
10000009.54200
10000009.49699
10000009.53825
10000009.48860
10000009.54817
10000009.49537
10000009.49240
10000009.48757
10000009.49112
10000009.47788
10000009.52681
10000009.47944
10000009.47448
10000009.48905
10000009.53359
10000009.52295
10000009.47705
10000009.47349
10000009.45591
10000009.44851
10000009.49849
10000009.43936
10000009.47574
10000009.41505
10000009.40519
10000009.41343
10000009.47912
10000009.41594
10000009.40208
10000009.40826
10000009.41321
10000009.41679
10000009.45262
10000009.40136
10000009.38901
10000009.44103
10000009.43487
10000009.39722
10000009.42293
10000009.36508
10000009.42390
10000009.37612
10000009.36179
10000009.35690
10000009.36009
10000009.34904
10000009.39364
10000009.34483
10000009.33880
10000009.34672
10000009.33757
10000009.33338
10000009.38421
10000009.39863
10000009.39902
10000009.35834
10000009.41282
10000009.35044
10000009.40658
10000009.35232
10000009.39877
10000009.39713
10000009.33380
10000009.34503
10000009.34809
10000009.34576
10000009.35285
10000009.36325
10000009.36489
10000009.36052
10000009.42158
10000009.37112
10000009.36095
10000009.36359
10000009.41736
10000009.35061
10000009.40464
10000009.41333
10000009.36144
10000009.40175
10000009.41453
10000009.36619
10000009.37110
10000009.36258
10000009.37647
10000009.37505
10000009.41248
10000009.37720
10000009.44188
10000009.37202
10000009.38065
10000009.42556
10000009.42045
10000009.37728
10000009.37248
10000009.36877
10000009.37578
10000009.37339
10000009.42736
10000009.36583
10000009.42248
10000009.35990
10000009.36661
10000009.36800
10000009.41201
10000009.41515
10000009.36714
10000009.36191
10000009.36593
10000009.41063
10000009.40718
10000009.36482
10000009.36049
10000009.35949
10000009.41682
10000009.35650
10000009.35751
10000009.40881
10000009.41441
10000009.34964
10000009.35753
10000009.41198
10000009.35357
10000009.36051
10000009.36285
10000009.36191
10000009.37122
10000009.36877
10000009.43693
10000009.38755
10000009.43183
10000009.43053
10000009.38995
10000009.43022
10000009.37390
10000009.38448
10000009.42961
10000009.38201
10000009.38879
10000009.43950
10000009.37554
10000009.41990
10000009.37715
10000009.43117
10000009.37649
10000009.38462
10000009.38358
10000009.37456
10000009.37893
10000009.38107
10000009.41417
10000009.41990
10000009.37531
10000009.37281
10000009.37462
10000009.36489
10000009.42190
10000009.40677
10000009.36219
10000009.36411
10000009.35948
10000009.36261
10000009.41989
10000009.41715
10000009.41145
10000009.37222
10000009.42907
10000009.41799
10000009.42607
10000009.37251
10000009.36337
10000009.36276
10000009.37153
10000009.35899
10000009.36665
10000009.42167
10000009.36548
10000009.41389
10000009.40696
10000009.37134
10000009.41877
10000009.36896
10000009.42482
10000009.42830
10000009.36914
10000009.42340
10000009.41560
10000009.41846
10000009.42844
10000009.38226
10000009.37941
10000009.42952
10000009.42327
10000009.42098
10000009.37945
10000009.42968
10000009.38675
10000009.38525
10000009.43384
10000009.44465
10000009.43282
10000009.38655
10000009.44324
10000009.38750
10000009.38179
10000009.37886
10000009.43704
10000009.38332
10000009.38828
10000009.39700
10000009.44398
10000009.38629
10000009.39583
10000009.39516
10000009.43325
10000009.42808
10000009.37980
10000009.37530
10000009.35967
10000009.35913
10000009.36319
10000009.36718
10000009.35959
10000009.36240
10000009.36740
10000009.41032
10000009.40369
10000009.36677
10000009.43241
10000009.42095
10000009.38219
10000009.38198
10000009.37641
10000009.42743
10000009.36918
10000009.37505
10000009.36826
10000009.36320
10000009.36847
10000009.36957
10000009.41953
10000009.40160
10000009.36169
10000009.36212
10000009.36186
10000009.41916
10000009.36584
10000009.41732
10000009.41802
10000009.41699
10000009.36850
10000009.42775
10000009.36838
10000009.41617
10000009.36953
10000009.37913
10000009.42122
10000009.37980
10000009.38204
10000009.37290
10000009.42775
10000009.36418
10000009.36589
10000009.40966
10000009.41636
10000009.42793
10000009.41395
10000009.41994
10000009.42482
10000009.37028
10000009.37571
10000009.37393
10000009.42018
10000009.37997
10000009.42204
10000009.41927
10000009.37383
10000009.36529
10000009.41310
10000009.40483
10000009.41881
10000009.41640
10000009.36456
10000009.36917
10000009.40796
10000009.40377
10000009.40956
10000009.35978
10000009.36090
10000009.41316
10000009.36374
10000009.36365
10000009.37318
10000009.41696
10000009.42150
10000009.38845
10000009.43395
10000009.38888
10000009.38883
10000009.38473
10000009.38191
10000009.37344
10000009.37063
10000009.37733
10000009.37473
10000009.36939
10000009.37845
10000009.44237
10000009.44401
10000009.43619
10000009.39152
10000009.45248
10000009.41022
10000009.40661
10000009.46231
10000009.40027
10000009.44497
10000009.39912
10000009.39722
10000009.40702
10000009.46456
10000009.40971
10000009.41032
10000009.44907
10000009.44956
10000009.41322
10000009.40746
10000009.46571
10000009.41623
10000009.46458
10000009.42219
10000009.42124
10000009.48318
10000009.41996
10000009.47625
10000009.42240
10000009.42466
10000009.43136
10000009.47898
10000009.43518
10000009.47759
10000009.43280
10000009.43583
10000009.48125
10000009.43497
10000009.49060
10000009.43527
10000009.43865
10000009.43933
10000009.48777
10000009.48789
10000009.44180
10000009.43303
10000009.43750
10000009.43211
10000009.43011
10000009.43827
10000009.49537
10000009.44154
10000009.49768
10000009.44555
10000009.49758
10000009.50997
10000009.46098
10000009.45948
10000009.45944
10000009.46360
10000009.51388
10000009.45303
10000009.49997
10000009.45409
10000009.49934
10000009.45513
10000009.44781
10000009.49883
10000009.51482
10000009.46152
10000009.46311
10000009.50573
10000009.46346
10000009.51618
10000009.45938
10000009.51067
10000009.51960
10000009.51974
10000009.46102
10000009.46506
10000009.51284
10000009.45648
10000009.51438
10000009.45596
10000009.45885
10000009.46003
10000009.46630
10000009.46285
10000009.47150
10000009.47956
10000009.53474
10000009.47344
10000009.46590
10000009.52598
10000009.47664
10000009.46870
10000009.46792
10000009.46779
10000009.46100
10000009.51850
10000009.46439
10000009.47228
10000009.52029
10000009.47490
10000009.53080
10000009.53641
10000009.47910
10000009.48209
10000009.48460
10000009.48005
10000009.52702
10000009.48360
10000009.54144
10000009.47979
10000009.48256
10000009.53248
10000009.48957
10000009.54175
10000009.47154
10000009.47477
10000009.48256
10000009.48802
10000009.49885
10000009.49174
10000009.47910
10000009.53194
10000009.47952
10000009.47437
10000009.47706
10000009.47975
10000009.47968
10000009.48501
10000009.49510
10000009.49243
10000009.54101
10000009.54260
10000009.49063
10000009.49519
10000009.54542
10000009.48745
10000009.49092
10000009.53782
10000009.48688
10000009.54616
10000009.54720
10000009.48978
10000009.49423
10000009.49317
10000009.49610
10000009.53649
10000009.53693
10000009.49680
10000009.54976
10000009.49289
10000009.49068
10000009.48536
10000009.48992
10000009.49155
10000009.52854
10000009.53232
10000009.48289
10000009.52470
10000009.51943
10000009.52373
10000009.46860
10000009.51454
10000009.45873
10000009.45708
10000009.50538
10000009.47596
10000009.47462
10000009.47413
10000009.53202
10000009.47714
10000009.47521
10000009.47850
10000009.47053
10000009.46879
10000009.46918
10000009.47002
10000009.46931
10000009.46327
10000009.46935
10000009.47573
10000009.46611
10000009.51160
10000009.46081
10000009.46440
10000009.45632
10000009.45913
10000009.46420
10000009.46194
10000009.46272
10000009.46484
10000009.51092
10000009.52232
10000009.52285
10000009.46304
10000009.51891
10000009.51036
10000009.46231
10000009.47414
10000009.46908
10000009.47017
10000009.52138
10000009.52779
10000009.48014
10000009.52144
10000009.47713
10000009.52459
10000009.52282
10000009.52898
10000009.53660
10000009.48128
10000009.48165
10000009.53946
10000009.49126
10000009.53647
10000009.54730
10000009.48653
10000009.48469
10000009.48233
10000009.47594
10000009.47389
10000009.48303
10000009.53827
10000009.48662
10000009.49018
10000009.49732
10000009.49563
10000009.53866
10000009.48947
10000009.54598
10000009.48744
10000009.48354
10000009.54216
10000009.48407
10000009.53470
10000009.49246
10000009.49774
10000009.53850
10000009.55178
10000009.54792
10000009.48675
10000009.49005
10000009.47898
10000009.52393
10000009.48254
10000009.53675
10000009.48481
10000009.54222
10000009.48918
10000009.48024
10000009.53387
10000009.48046
10000009.48620
10000009.54181
10000009.48720
10000009.53090
10000009.48699
10000009.47425
10000009.46605
10000009.47298
10000009.46875
10000009.47598
10000009.53293
10000009.47634
10000009.53193
10000009.48335
10000009.49231
10000009.48656
10000009.49276
10000009.53809
10000009.48299
10000009.48592
10000009.48818
10000009.53964
10000009.47816
10000009.46492
10000009.52062
10000009.50805
10000009.45969
10000009.46388
10000009.45293
10000009.45439
10000009.49329
10000009.44845
10000009.50990
10000009.46030
10000009.46488
10000009.46331
10000009.45944
10000009.50459
10000009.51307
10000009.45424
10000009.44776
10000009.45321
10000009.50272
10000009.44622
10000009.49377
10000009.50302
10000009.44938
10000009.44212
10000009.49233
10000009.51438
10000009.44442
10000009.43674
10000009.48729
10000009.44774
10000009.49358
10000009.44354
10000009.44837
10000009.45327
10000009.44977
10000009.50460
10000009.46751
10000009.51699
10000009.50527
10000009.46660
10000009.45985
10000009.50769
10000009.46405
10000009.45949
10000009.50992
10000009.52271
10000009.47235
10000009.51010
10000009.45585
10000009.51580
10000009.45475
10000009.45066
10000009.45459
10000009.45337
10000009.44749
10000009.50303
10000009.45338
10000009.48870
10000009.44793
10000009.43756
10000009.43965
10000009.44537
10000009.48739
10000009.44219
10000009.49652
10000009.44674
10000009.50092
10000009.45522
10000009.44144
10000009.44047
10000009.50208
10000009.45036
10000009.45797
10000009.51240
10000009.44468
10000009.44791
10000009.44217
10000009.44201
10000009.50068
10000009.44580
10000009.44588
10000009.45307
10000009.44804
10000009.45002
10000009.45108
10000009.44601
10000009.45879
10000009.51008
10000009.49535
10000009.50054
10000009.45980
10000009.45811
10000009.44789
10000009.50453
10000009.45570
10000009.50882
10000009.46251
10000009.52726
10000009.46510
10000009.45817
10000009.45878
10000009.51244
10000009.45489
10000009.45501
10000009.46467
10000009.50635
10000009.46260
10000009.46523
10000009.46145
10000009.45906
10000009.51437
10000009.45192
10000009.45710
10000009.44585
10000009.50769
10000009.45770
10000009.50742
10000009.46069
10000009.50210
10000009.46184
10000009.45397
10000009.49644
10000009.45232
10000009.45114
10000009.44783
10000009.45362
10000009.43871
10000009.48364
10000009.49493
10000009.44357
10000009.44108
10000009.48947
10000009.51120
10000009.44450
10000009.44895
10000009.50261
10000009.44655
10000009.49596
10000009.44691
10000009.49162
10000009.42725
10000009.43023
10000009.42558
10000009.48110
10000009.47425
10000009.41867
10000009.46076
10000009.42211
10000009.47225
10000009.41905
10000009.42711
10000009.43103
10000009.47731
10000009.42889
10000009.43846
10000009.48064
10000009.43396
10000009.43696
10000009.43786
10000009.48167
10000009.43539
10000009.44055
10000009.48394
10000009.43142
10000009.42221
10000009.41664
10000009.40461
10000009.40307
10000009.40140
10000009.39719
10000009.44377
10000009.39047
10000009.44529
10000009.39376
10000009.39307
10000009.38660
10000009.39939
10000009.39435
10000009.45044
10000009.39837
10000009.45304
10000009.46256
10000009.46393
10000009.40608
10000009.40713
10000009.44688
10000009.40185
10000009.44248
10000009.39947
10000009.39691
10000009.44819
10000009.45149
10000009.45057
10000009.39985
10000009.39741
10000009.44890
10000009.44407
10000009.44265
10000009.38807
10000009.38764
10000009.39668
10000009.39434
10000009.39520
10000009.39978
10000009.45078
10000009.39457
10000009.44281
10000009.38293
10000009.43326
10000009.38676
10000009.38116
10000009.38145
10000009.43242
10000009.37834
10000009.38394
10000009.37948
10000009.42462
10000009.38093
10000009.42968
10000009.37767
10000009.42453
10000009.41511
10000009.40737
10000009.36718
10000009.37137
10000009.41346
10000009.42210
10000009.38232
10000009.38844
10000009.38841
10000009.39435
10000009.43550
10000009.39564
10000009.45591
10000009.40528
10000009.45770
10000009.39515
10000009.39899
10000009.39499
10000009.44373
10000009.39621
10000009.38893
10000009.43681
10000009.39142
10000009.38399
10000009.42847
10000009.37674
10000009.43392
10000009.38845
10000009.43388
10000009.38341
10000009.38892
10000009.43780
10000009.38987
10000009.39164
10000009.39779
10000009.45530
10000009.39191
10000009.39458
10000009.44890
10000009.44567
10000009.39998
10000009.44611
10000009.40006
10000009.40414
10000009.39868
10000009.44902
10000009.45225
10000009.45399
10000009.40002
10000009.41069
10000009.45903
10000009.40648
10000009.40903
10000009.46311
10000009.39778
10000009.45809
10000009.45577
10000009.45117
10000009.40138
10000009.40703
10000009.41441
10000009.45206
10000009.40802
10000009.41301
10000009.44918
10000009.44976
10000009.40450
10000009.44325
10000009.39780
10000009.39630
10000009.39009
10000009.44339
10000009.38293
10000009.44539
10000009.43155
10000009.42628
10000009.38524
10000009.43820
10000009.38774
10000009.42391
10000009.37574
10000009.38299
10000009.38788
10000009.42718
10000009.42721
10000009.36624
10000009.36804
10000009.37166
10000009.35792
10000009.42185
10000009.41930
10000009.37430
10000009.37236
10000009.37189
10000009.41513
10000009.42068
10000009.37464
10000009.36471
10000009.35974
10000009.41390
10000009.35078
10000009.40525
10000009.41708
10000009.40996
10000009.36281
10000009.41361
10000009.36574
10000009.37271
10000009.37687
10000009.37970
10000009.37997
10000009.39156
10000009.39154
10000009.38640
10000009.43887
10000009.39583
10000009.39510
10000009.38660
10000009.39293
10000009.45043
10000009.39225
10000009.39873
10000009.44009
10000009.43761
10000009.39700
10000009.39917
10000009.39473
10000009.39051
10000009.45394
10000009.45061
10000009.39763
10000009.44536
10000009.40085
10000009.40331
10000009.39200
10000009.39648
10000009.40475
10000009.44289
10000009.44712
10000009.39761
10000009.45423
10000009.44634
10000009.40408
10000009.39421
10000009.45363
10000009.44331
10000009.40229
10000009.40021
10000009.40058
10000009.40705
10000009.39989
10000009.40040
10000009.39950
10000009.40048
10000009.40960
10000009.46524
10000009.41126
10000009.41241
10000009.41369
10000009.40963
10000009.46288
10000009.42306
10000009.41950
10000009.45907
10000009.40816
10000009.46437
10000009.45103
10000009.46183
10000009.46560
10000009.41008
10000009.40396
10000009.41120
10000009.45848
10000009.47430
10000009.46433
10000009.42369
10000009.41995
10000009.42150
10000009.41900
10000009.47682
10000009.47396
10000009.41488
10000009.41856
10000009.47426
10000009.42186
10000009.42084
10000009.48201
10000009.42934
10000009.41821
10000009.41981
10000009.42532
10000009.42308
10000009.42388
10000009.43673
10000009.47828
10000009.43610
10000009.47801
10000009.43285
10000009.43874
10000009.43541
10000009.47800
10000009.43790
10000009.42814
10000009.42838
10000009.47886
10000009.43184
10000009.43422
10000009.47245
10000009.47568
10000009.41581
10000009.42152
10000009.43143
10000009.48239
10000009.48055
10000009.43614
10000009.43417
10000009.42673
10000009.43228
10000009.43145
10000009.43483
10000009.43577
10000009.48480
10000009.49008
10000009.42730
10000009.43204
10000009.44238
10000009.49425
10000009.44645
10000009.44311
10000009.43457
10000009.48348
10000009.49089
10000009.44684
10000009.44101
10000009.43881
10000009.45202
10000009.44676
10000009.44874
10000009.44820
10000009.44633
10000009.43754
10000009.43010
10000009.47662
10000009.47386
10000009.42598
10000009.43160
10000009.42412
10000009.42685
10000009.44006
10000009.48810
10000009.48656
10000009.44945
10000009.49123
10000009.44657
10000009.45279
10000009.45259
10000009.49595
10000009.50611
10000009.45413
10000009.44852
10000009.50653
10000009.45720
10000009.45411
10000009.50718
10000009.44766
10000009.49700
10000009.44488
10000009.44954
10000009.45824
10000009.45349
10000009.49473
10000009.50417
10000009.45505
10000009.49448
10000009.50078
10000009.46429
10000009.46819
10000009.46910
10000009.51742
10000009.51980
10000009.51261
10000009.50788
10000009.46466
10000009.45614
10000009.46392
10000009.47062
10000009.46507
10000009.46435
10000009.51676
10000009.46103
10000009.46174
10000009.46393
10000009.47033
10000009.51373
10000009.46707
10000009.52390
10000009.47367
10000009.47217
10000009.48048
10000009.48590
10000009.48286
10000009.48500
10000009.49776
10000009.54414
10000009.48199
10000009.49206
10000009.48090
10000009.52628
10000009.48322
10000009.47862
10000009.52579
10000009.47938
10000009.53488
10000009.48978
10000009.53939
10000009.48584
10000009.47618
10000009.46976
10000009.53016
10000009.47509
10000009.51367
10000009.46692
10000009.52814
10000009.47741
10000009.51957
10000009.47611
10000009.47820
10000009.53174
10000009.53258
10000009.49070
10000009.48082
10000009.53079
10000009.47877
10000009.53575
10000009.48770
10000009.53817
10000009.48900
10000009.54965
10000009.49974
10000009.49614
10000009.54854
10000009.50244
10000009.54232
10000009.49900
10000009.55494
10000009.50131
10000009.50284
10000009.56070
10000009.50474
10000009.54562
10000009.49533
10000009.49702
10000009.48871
10000009.54161
10000009.54902
10000009.49653
10000009.49691
10000009.50372
10000009.55415
10000009.50564
10000009.55813
10000009.50193
10000009.50074
10000009.54731
10000009.54821
10000009.49740
10000009.53942
10000009.49500
10000009.49571
10000009.49978
10000009.55006
10000009.49157
10000009.49494
10000009.50423
10000009.50723
10000009.50235
10000009.50518
10000009.56798
10000009.51370
10000009.55344
10000009.56006
10000009.50027
10000009.50319
10000009.50521
10000009.50003
10000009.50794
10000009.51299
10000009.56687
10000009.56784
10000009.57097
10000009.52092
10000009.52392
10000009.51277
10000009.50666
10000009.51442
10000009.55784
10000009.55306
10000009.50767
10000009.50707
10000009.50336
10000009.50403
10000009.50052
10000009.49813
10000009.54518
10000009.49822
10000009.50519
10000009.49944
10000009.55118
10000009.49194
10000009.49993
10000009.49951
10000009.55350
10000009.49421
10000009.49214
10000009.54803
10000009.49942
10000009.54609
10000009.48451
10000009.54541
10000009.50182
10000009.50129
10000009.55278
10000009.50980
10000009.50635
10000009.55720
10000009.51824
10000009.56368
10000009.51853
10000009.56652
10000009.51244
10000009.56063
10000009.51745
10000009.51092
10000009.51084
10000009.50243
10000009.50320
10000009.51033
10000009.55838
10000009.50445
10000009.55390
10000009.51250
10000009.50807
10000009.50610
10000009.50402
10000009.56798
10000009.57175
10000009.50905
10000009.51076
10000009.50839
10000009.56008
10000009.51116
10000009.55569
10000009.57382
10000009.52604
10000009.52280
10000009.53048
10000009.51854
10000009.51810
10000009.51393
10000009.55226
10000009.50591
10000009.56498
10000009.51686
10000009.51185
10000009.50707
10000009.51139
10000009.49864
10000009.50450
10000009.55911
10000009.55587
10000009.50405
10000009.55400
10000009.50553
10000009.50681
10000009.50456
10000009.49726
10000009.50148
10000009.54304
10000009.50397
10000009.55586
10000009.49878
10000009.55234
10000009.54303
10000009.53122
10000009.48111
10000009.48548
10000009.49559
10000009.53818
10000009.54855
10000009.49588
10000009.49738
10000009.49524
10000009.53519
10000009.48992
10000009.55455
10000009.54539
10000009.50157
10000009.54633
10000009.50915
10000009.56020
10000009.50889
10000009.50065
10000009.50383
10000009.50258
10000009.49642
10000009.49482
10000009.49790
10000009.54514
10000009.48734
10000009.49205
10000009.50157
10000009.54234
10000009.55027
10000009.49762
10000009.48800
10000009.49603
10000009.53484
10000009.48910
10000009.48447
10000009.48171
10000009.48152
10000009.49337
10000009.49475
10000009.53617
10000009.48712
10000009.48784
10000009.48956
10000009.53231
10000009.48349
10000009.48773
10000009.48311
10000009.48910
10000009.53812
10000009.48086
10000009.48163
10000009.48456
10000009.48814
10000009.48088
10000009.48400
10000009.48738
10000009.48479
10000009.48223
10000009.52800
10000009.48960
10000009.53277
10000009.53400
10000009.49333
10000009.49370
10000009.48439
10000009.48448
10000009.53620
10000009.48040
10000009.48428
10000009.51930
10000009.46904
10000009.48126
10000009.48356
10000009.48248
10000009.48936
10000009.49022
10000009.53090
10000009.48337
10000009.48721
10000009.48975
10000009.48875
10000009.54494
10000009.48447
10000009.53388
10000009.47630
10000009.53057
10000009.48121
10000009.52079
10000009.48414
10000009.51630
10000009.46830
10000009.47344
10000009.46363
10000009.50769
10000009.45463
10000009.45810
10000009.45862
10000009.46364
10000009.45601
10000009.46001
10000009.45883
10000009.50305
10000009.45064
10000009.45350
10000009.44478
10000009.44592
10000009.50563
10000009.44929
10000009.44907
10000009.49620
10000009.44278
10000009.44175
10000009.44237
10000009.48569
10000009.48838
10000009.44747
10000009.44670
10000009.49215
10000009.45322
10000009.50507
10000009.44966
10000009.49979
10000009.45889
10000009.51391
10000009.50766
10000009.49837
10000009.45128
10000009.45453
10000009.45672
10000009.45526
10000009.45949
10000009.45247
10000009.45443
10000009.50449
10000009.45150
10000009.44356
10000009.44698
10000009.49686
10000009.48883
10000009.44573
10000009.48360
10000009.44318
10000009.44524
10000009.49648
10000009.44680
10000009.45278
10000009.50460
10000009.45345
10000009.44477
10000009.44289
10000009.44835
10000009.50281
10000009.49589
10000009.44543
10000009.44678
10000009.45232
10000009.44702
10000009.44822
10000009.44974
10000009.48913
10000009.44545
10000009.48178
10000009.43171
10000009.42811
10000009.44410
10000009.49309
10000009.43972
10000009.48850
10000009.44682
10000009.49162
10000009.43848
10000009.49026
10000009.44724
10000009.44174
10000009.47839
10000009.44002
10000009.44178
10000009.49393
10000009.44713
10000009.43248
10000009.43568
10000009.44545
10000009.44650
10000009.44436
10000009.43489
10000009.48834
10000009.45057
10000009.45246
10000009.44138
10000009.48285
10000009.49428
10000009.43437
10000009.42927
10000009.47679
10000009.43313
10000009.46755
10000009.42071
10000009.41901
10000009.42709
10000009.41939
10000009.42284
10000009.42499
10000009.41824
10000009.41520
10000009.42195
10000009.46506
10000009.42013
10000009.42015
10000009.41480
10000009.41374
10000009.45936
10000009.40342
10000009.40719
10000009.41083
10000009.40978
10000009.40609
10000009.45619
10000009.45717
10000009.44244
10000009.44733
10000009.39391
10000009.38776
10000009.38497
10000009.38891
10000009.38616
10000009.39050
10000009.38829
10000009.38403
10000009.43886
10000009.39990
10000009.45014
10000009.45810
10000009.44887
10000009.40942
10000009.40380
10000009.45824
10000009.44911
10000009.39388
10000009.45273
10000009.44718
10000009.39599
10000009.40332
10000009.45179
10000009.39787
10000009.39670
10000009.39596
10000009.45273
10000009.45000
10000009.41037
10000009.45226
10000009.40878
10000009.40631
10000009.39371
10000009.39508
10000009.44692
10000009.39274
10000009.40046
10000009.44339
10000009.43956
10000009.38187
10000009.38390
10000009.38644
10000009.38583
10000009.43904
10000009.38500
10000009.39399
10000009.39635
10000009.39831
10000009.44904
10000009.45379
10000009.45279
10000009.39715
10000009.40122
10000009.40479
10000009.44724
10000009.39552
10000009.39678
10000009.44057
10000009.39848
10000009.40456
10000009.39931
10000009.40755
10000009.45379
10000009.39189
10000009.38853
10000009.39968
10000009.44350
10000009.38633
10000009.44255
10000009.44846
10000009.39450
10000009.39777
10000009.39204
10000009.40328
10000009.45144
10000009.43972
10000009.40055
10000009.39480
10000009.40175
10000009.45833
10000009.46161
10000009.40287
10000009.44734
10000009.39309
10000009.38854
10000009.38814
10000009.38649
10000009.44320
10000009.38196
10000009.44400
10000009.43230
10000009.39398
10000009.44612
10000009.38342
10000009.43577
10000009.39047
10000009.38464
10000009.38902
10000009.38637
10000009.38288
10000009.43370
10000009.38311
10000009.37501
10000009.37389
10000009.38025
10000009.38038
10000009.37549
10000009.42765
10000009.36697
10000009.41643
10000009.42164
10000009.42431
10000009.37572
10000009.37899
10000009.42998
10000009.43868
10000009.38182
10000009.38660
10000009.38881
10000009.38451
10000009.42894
10000009.38605
10000009.37671
10000009.42370
10000009.43264
10000009.42616
10000009.38261
10000009.44246
10000009.38195
10000009.44377
10000009.43608
10000009.38017
10000009.37610
10000009.42597
10000009.38228
10000009.37775
10000009.37904
10000009.43436
10000009.43035
10000009.37522
10000009.42505
10000009.37425
10000009.41227
10000009.35882
10000009.42314
10000009.36382
10000009.37765
10000009.37302
10000009.36831
10000009.42066
10000009.37131
10000009.40836
10000009.36951
10000009.37217
10000009.36297
10000009.41429
10000009.36456
10000009.37285
10000009.37518
10000009.42445
10000009.41168
10000009.35560
10000009.36724
10000009.36698
10000009.42430
10000009.37033
10000009.36721
10000009.41770
10000009.36778
10000009.42529
10000009.37308
10000009.38038
10000009.43978
10000009.42779
10000009.37613
10000009.43148
10000009.42262
10000009.37830
10000009.37257
10000009.36767
10000009.41940
10000009.40997
10000009.36657
10000009.42522
10000009.40926
10000009.36371
10000009.36810
10000009.40831
10000009.35689
10000009.41216
10000009.35909
10000009.35492
10000009.40108
10000009.40267
10000009.35844
10000009.35761
10000009.36651
10000009.36919
10000009.41106
10000009.40627
10000009.35995
10000009.35360
10000009.35039
10000009.40375
10000009.34646
10000009.35317
10000009.41677
10000009.41157
10000009.36021
10000009.42384
10000009.36112
10000009.35808
10000009.36574
10000009.37078
10000009.37648
10000009.37095
10000009.36777
10000009.36981
10000009.36889
10000009.36194
10000009.35246
10000009.40186
10000009.34835
10000009.39608
10000009.40523
10000009.37062
10000009.42323
10000009.42608
10000009.41243
10000009.36860
10000009.42801
10000009.37072
10000009.43027
10000009.42709
10000009.42661
10000009.39275
10000009.38620
10000009.37935
10000009.37414
10000009.37467
10000009.37410
10000009.42225
10000009.38166
10000009.43298
10000009.43032
10000009.43111
10000009.37816
10000009.38190
10000009.42799
10000009.39337
10000009.43743
10000009.38860
10000009.39942
10000009.38898
10000009.39445
10000009.42926
10000009.38478
10000009.39022
10000009.38457
10000009.38698
10000009.39339
10000009.43419
10000009.43104
10000009.43661
10000009.39204
10000009.39089
10000009.40504
10000009.45664
10000009.39760
10000009.39685
10000009.39583
10000009.39153
10000009.39249
10000009.40231
10000009.45114
10000009.38715
10000009.44371
10000009.40000
10000009.40838
10000009.46607
10000009.46159
10000009.41177
10000009.45678
10000009.42467
10000009.42071
10000009.41370
10000009.41186
10000009.45798
10000009.42326
10000009.47484
10000009.41703
10000009.42167
10000009.42130
10000009.42649
10000009.47345
10000009.43165
10000009.47273
10000009.47629
10000009.42868
10000009.42309
10000009.43017
10000009.43285
10000009.42665
10000009.47871
10000009.41910
10000009.45907
10000009.41258
10000009.46360
10000009.41398
10000009.45948
10000009.42387
10000009.41705
10000009.45362
10000009.41457
10000009.40047
10000009.46201
10000009.41992
10000009.41833
10000009.45684
10000009.45410
10000009.45417
10000009.40646
10000009.40411
10000009.45846
10000009.46165
10000009.40037
10000009.45192
10000009.40398
10000009.45356
10000009.39752
10000009.40178
10000009.45302
10000009.39798
10000009.40427
10000009.41108
10000009.40006
10000009.41466
10000009.42075
10000009.42461
10000009.41766
10000009.41592
10000009.46065
10000009.47202
10000009.41688
10000009.41833
10000009.47089
10000009.43266
10000009.43140
10000009.48116
10000009.44427
10000009.44682
10000009.49130
10000009.44175
10000009.43997
10000009.43755
10000009.43720
10000009.43838
10000009.47725
10000009.43045
10000009.48742
10000009.43424
10000009.47566
10000009.42376
10000009.48854
10000009.48436
10000009.43352
10000009.43357
10000009.43237
10000009.42294
10000009.46866
10000009.42458
10000009.41444
10000009.41376
10000009.42228
10000009.47190
10000009.46204
10000009.42820
10000009.48055
10000009.43052
10000009.43648
10000009.48001
10000009.44122
10000009.48588
10000009.43514
10000009.43058
10000009.48044
10000009.42293
10000009.42982
10000009.47690
10000009.43374
10000009.47723
10000009.43387
10000009.43083
10000009.47981
10000009.43389
10000009.48582
10000009.44464
10000009.43675
10000009.43940
10000009.44050
10000009.43995
10000009.49436
10000009.43861
10000009.44333
10000009.44183
10000009.43628
10000009.43451
10000009.43223
10000009.44163
10000009.48595
10000009.44563
10000009.44675
10000009.43778
10000009.48382
10000009.44514
10000009.43719
10000009.43425
10000009.44177
10000009.48013
10000009.43506
10000009.49185
10000009.43458
10000009.44008
10000009.48578
10000009.43331
10000009.43510
10000009.42216
10000009.47250
10000009.48010
10000009.48183
10000009.42860
10000009.43291
10000009.44456
10000009.44561
10000009.44291
10000009.44890
10000009.44521
10000009.48225
10000009.43175
10000009.42734
10000009.42898
10000009.47614
10000009.42797
10000009.44263
10000009.43229
10000009.48748
10000009.48723
10000009.43934
10000009.44568
10000009.48719
10000009.44227
10000009.44573
10000009.43787
10000009.48112
10000009.42836
10000009.48946
10000009.43591
10000009.43184
10000009.48102
10000009.47885
10000009.47479
10000009.47296
10000009.42877
10000009.48595
10000009.43432
10000009.43896
10000009.44024
10000009.48116
10000009.43388
10000009.49348
10000009.43688
10000009.48097
10000009.43378
10000009.42485
10000009.47369
10000009.43021
10000009.43582
10000009.43275
10000009.48828
10000009.48951
10000009.44171
10000009.48677
10000009.44448
10000009.43130
10000009.47693
10000009.43939
10000009.43796
10000009.48461
10000009.43265
10000009.47667
10000009.42060
10000009.46885
10000009.47578
10000009.43195
10000009.43623
10000009.48357
10000009.44209
10000009.43313
10000009.42372
10000009.48189
10000009.43252
10000009.44333
10000009.44292
10000009.48525
10000009.44234
10000009.49355
10000009.48959
10000009.44302
10000009.44311
10000009.43212
10000009.42702
10000009.48779
10000009.43411
10000009.47835
10000009.43759
10000009.49218
10000009.44412
10000009.44616
10000009.50211
10000009.44086
10000009.43705
10000009.48714
10000009.43056
10000009.43695
10000009.43013
10000009.43031
10000009.43713
10000009.43049
10000009.48353
10000009.48389
10000009.42409
10000009.47624
10000009.46973
10000009.42005
10000009.47837
10000009.41987
10000009.47388
10000009.43251
10000009.43193
10000009.42490
10000009.43457
10000009.47945
10000009.42681
10000009.48665
10000009.44230
10000009.48280
10000009.43767
10000009.42105
10000009.41881
10000009.42547
10000009.42989
10000009.47930
10000009.42009
10000009.47231
10000009.42140
10000009.46363
10000009.42599
10000009.41783
10000009.42010
10000009.42227
10000009.43610
10000009.43349
10000009.42535
10000009.47250
10000009.42392
10000009.41790
10000009.41010
10000009.41745
10000009.47419
10000009.46800
10000009.47713
10000009.42572
10000009.42186
10000009.47346
10000009.43249
10000009.43695
10000009.43548
10000009.48401
10000009.49551
10000009.43702
10000009.43129
10000009.42368
10000009.42197
10000009.42712
10000009.43033
10000009.43266
10000009.47375
10000009.48061
10000009.42773
10000009.42795
10000009.42886
10000009.42136
10000009.41754
10000009.41962
10000009.41802
10000009.42593
10000009.42845
10000009.41849
10000009.41829
10000009.41194
10000009.46279
10000009.42031
10000009.47346
10000009.41362
10000009.41443
10000009.41591
10000009.46409
10000009.40490
10000009.45311
10000009.45809
10000009.40596
10000009.41195
10000009.41093
10000009.40892
10000009.41450
10000009.41510
10000009.41444
10000009.45727
10000009.41059
10000009.46564
10000009.41132
10000009.40344
10000009.41766
10000009.45724
10000009.41284
10000009.41936
10000009.46918
10000009.46745
10000009.42028
10000009.41636
10000009.41681
10000009.45890
10000009.42117
10000009.45838
10000009.41177
10000009.46628
10000009.41714
10000009.40410
10000009.41351
10000009.46552
10000009.41276
10000009.40531
10000009.40387
10000009.44297
10000009.43562
10000009.39014
10000009.37994
10000009.42947
10000009.39211
10000009.43949
10000009.43383
10000009.38844
10000009.45115
10000009.39451
10000009.39537
10000009.39281
10000009.39890
10000009.45182
10000009.39237
10000009.39413
10000009.44201
10000009.39073
10000009.43726
10000009.39464
10000009.39908
10000009.38922
10000009.39544
10000009.43083
10000009.37947
10000009.38569
10000009.43799
10000009.43042
10000009.38334
10000009.44256
10000009.44267
10000009.38834
10000009.45039
10000009.39450
10000009.38364
10000009.42745
10000009.42149
10000009.37776
10000009.37219
10000009.40878
10000009.37082
10000009.37151
10000009.36745
10000009.41885
10000009.41971
10000009.36981
10000009.41686
10000009.40982
10000009.37150
10000009.41746
10000009.40623
10000009.37041
10000009.41349
10000009.37283
10000009.37842
10000009.41926
10000009.37008
10000009.36065
10000009.40105
10000009.39561
10000009.35915
10000009.35324
10000009.35801
10000009.35888
10000009.40713
10000009.35857
10000009.42247
10000009.36739
10000009.35731
10000009.40526
10000009.36336
10000009.35935
10000009.41095
10000009.36967
10000009.37399
10000009.42425
10000009.42850
10000009.42318
10000009.40504
10000009.40347
10000009.35922
10000009.39962
10000009.35724
10000009.34815
10000009.39741
10000009.35552
10000009.35175
10000009.38864
10000009.34512
10000009.39201
10000009.34982
10000009.38936
10000009.38762
10000009.34250
10000009.33976
10000009.38551
10000009.39460
10000009.33991
10000009.38800
10000009.33574
10000009.32696
10000009.32921
10000009.38268
10000009.32661
10000009.32421
10000009.37211
10000009.32569
10000009.33035
10000009.36998
10000009.32656
10000009.37438
10000009.31602
10000009.32584
10000009.32935
10000009.32594
10000009.37681
10000009.33747
10000009.33482
10000009.38065
10000009.33700
10000009.33541
10000009.37626
10000009.38665
10000009.33972
10000009.38345
10000009.34552
10000009.34598
10000009.34114
10000009.38014
10000009.33988
10000009.33848
10000009.37603
10000009.37091
10000009.32444
10000009.37547
10000009.37712
10000009.31485
10000009.31233
10000009.36622
10000009.37044
10000009.31278
10000009.31478
10000009.32575
10000009.37071
10000009.31801
10000009.31627
10000009.31719
10000009.36599
10000009.32001
10000009.31821
10000009.36422
10000009.32081
10000009.36036
10000009.30732
10000009.36047
10000009.31129
10000009.29898
10000009.35711
10000009.30566
10000009.31572
10000009.30660
10000009.36045
10000009.31030
10000009.31304
10000009.31950
10000009.31642
