1000000.826236
1000000.829856
1000000.831779
1000000.826176
1000000.831289
1000000.826752
1000000.830592
1000000.826262
1000000.825317
1000000.830152
1000000.824876
1000000.824424
1000000.824596
1000000.831699
1000000.829163
1000000.824767
1000000.829213
1000000.824417
1000000.829431
1000000.830354
1000000.825288
1000000.825891
1000000.825881
1000000.830491
1000000.830500
1000000.825549
1000000.825744
1000000.829683
1000000.826004
1000000.830773
1000000.829168
1000000.829362
1000000.828601
1000000.828679
1000000.825106
1000000.828848
1000000.826315
1000000.831061
1000000.830296
1000000.826245
1000000.825719
1000000.824479
1000000.824762
1000000.828426
1000000.828273
1000000.823683
1000000.828004
1000000.824005
1000000.827512
1000000.822417
1000000.828244
1000000.823216
1000000.823504
1000000.828939
1000000.823885
1000000.823421
1000000.827583
1000000.823648
1000000.828346
1000000.824802
1000000.824751
1000000.825096
1000000.824760
1000000.830332
1000000.825255
1000000.829781
1000000.830495
1000000.830871
1000000.825637
1000000.826294
1000000.830172
1000000.825611
1000000.830796
1000000.830625
1000000.826200
1000000.831147
1000000.830076
1000000.827212
1000000.831616
1000000.826651
1000000.827215
1000000.832324
1000000.828139
1000000.827468
1000000.832071
1000000.833465
1000000.827945
1000000.833109
1000000.831783
1000000.832399
1000000.833449
1000000.834072
1000000.833689
1000000.829920
1000000.830736
1000000.834239
1000000.830089
1000000.835390
1000000.829635
1000000.834355
1000000.830016
1000000.830447
1000000.833989
1000000.834234
1000000.828109
1000000.832982
1000000.832558
1000000.828405
1000000.828741
1000000.833518
1000000.829609
1000000.835494
1000000.831400
1000000.831673
1000000.831151
1000000.835214
1000000.835175
1000000.835192
1000000.834323
1000000.830539
1000000.830608
1000000.829770
1000000.835058
1000000.830957
1000000.830250
1000000.829885
1000000.835421
1000000.836499
1000000.834676
1000000.834468
1000000.829454
1000000.829477
1000000.828758
1000000.828438
1000000.833724
1000000.832722
1000000.828590
1000000.833145
1000000.832583
1000000.829483
1000000.834545
1000000.829965
1000000.830588
1000000.830610
1000000.831073
1000000.830577
1000000.836904
1000000.831198
1000000.830453
1000000.830886
1000000.831089
1000000.830446
1000000.835536
1000000.829633
1000000.830721
1000000.835709
1000000.834651
1000000.830383
1000000.830839
1000000.830026
1000000.829345
1000000.829638
1000000.830147
1000000.828756
1000000.833451
1000000.829088
1000000.833931
1000000.829598
1000000.829221
1000000.834670
1000000.833934
1000000.834273
1000000.829775
1000000.829871
1000000.834634
1000000.829867
1000000.835502
1000000.835386
1000000.834647
1000000.835682
1000000.835703
1000000.831528
1000000.831415
1000000.835247
1000000.831555
1000000.831015
1000000.829870
1000000.830585
1000000.830905
1000000.830243
1000000.834342
1000000.834648
1000000.829941
1000000.834357
1000000.835511
1000000.836485
1000000.830686
1000000.830167
1000000.830053
1000000.835438
1000000.829664
1000000.835433
1000000.834214
1000000.829643
1000000.834356
1000000.828275
1000000.828521
1000000.829059
1000000.828605
1000000.833960
1000000.834873
1000000.829698
1000000.829605
1000000.829997
1000000.834576
1000000.833516
1000000.833864
1000000.828430
1000000.832835
1000000.827751
1000000.833594
1000000.833466
1000000.828746
1000000.834318
1000000.828519
1000000.829505
1000000.828538
1000000.828385
1000000.829465
1000000.833571
1000000.829053
1000000.834692
1000000.833921
1000000.834824
1000000.834068
1000000.834659
1000000.833375
1000000.828352
1000000.833689
1000000.828636
1000000.833363
1000000.829380
1000000.834590
1000000.829217
1000000.834400
1000000.829067
1000000.833400
1000000.828370
1000000.829015
1000000.832975
1000000.827794
1000000.832414
1000000.832461
1000000.827222
1000000.826942
1000000.832093
1000000.826438
1000000.830473
1000000.831139
1000000.825797
1000000.826246
1000000.831889
1000000.827094
1000000.831610
1000000.826689
1000000.828365
1000000.833128
1000000.827216
1000000.826889
1000000.832493
1000000.831283
1000000.827318
1000000.830747
1000000.826151
1000000.831666
1000000.825974
1000000.826390
1000000.827729
1000000.827294
1000000.831020
1000000.826151
1000000.826709
1000000.832117
1000000.826357
1000000.831876
1000000.831232
1000000.830909
1000000.826130
1000000.831878
1000000.831825
1000000.831908
1000000.826647
1000000.832988
1000000.827566
1000000.827126
1000000.827464
1000000.832127
1000000.832131
1000000.833039
1000000.828709
1000000.832457
1000000.832112
1000000.831738
1000000.826394
1000000.830789
1000000.825911
1000000.831017
1000000.829928
1000000.825605
1000000.830748
1000000.830663
1000000.829633
1000000.824771
1000000.829487
1000000.824614
1000000.827966
1000000.828146
1000000.828981
1000000.824285
1000000.829630
1000000.829131
1000000.823832
1000000.828931
1000000.824098
1000000.823069
1000000.828848
1000000.829085
1000000.825169
1000000.829685
1000000.824690
1000000.829384
1000000.830463
1000000.825332
1000000.828893
1000000.824620
1000000.823872
1000000.829114
1000000.829213
1000000.823863
1000000.829325
1000000.828408
1000000.823508
1000000.824182
1000000.823799
1000000.829899
1000000.825298
1000000.829471
1000000.829865
1000000.824958
1000000.824327
1000000.829509
1000000.828497
1000000.824109
1000000.828241
1000000.823720
1000000.822869
1000000.822812
1000000.823082
1000000.827265
1000000.822226
1000000.822856
1000000.826921
1000000.826683
1000000.822612
1000000.826990
1000000.822221
1000000.822043
1000000.825480
1000000.825826
1000000.825396
1000000.821048
1000000.821333
1000000.825192
1000000.826657
1000000.822034
1000000.821319
1000000.820387
1000000.825319
1000000.826872
1000000.825906
1000000.820483
1000000.825308
1000000.826141
1000000.821708
1000000.821026
1000000.827233
1000000.822453
1000000.821978
1000000.821939
1000000.827203
1000000.827369
1000000.821349
1000000.822499
1000000.822890
1000000.826513
1000000.820726
1000000.820933
1000000.826287
1000000.821249
1000000.821340
1000000.825832
1000000.820714
1000000.824771
1000000.825104
1000000.820152
1000000.824370
1000000.820392
1000000.825730
1000000.819903
1000000.825158
1000000.820112
1000000.825329
1000000.820228
1000000.824819
1000000.825522
1000000.819843
1000000.818903
1000000.819425
1000000.824124
1000000.823191
1000000.824079
1000000.819872
1000000.819488
1000000.819284
1000000.824906
1000000.819636
1000000.823524
1000000.823770
1000000.819211
1000000.819051
1000000.819025
1000000.819922
1000000.824090
1000000.825515
1000000.820741
1000000.824905
1000000.820153
1000000.819614
1000000.824939
1000000.823825
1000000.819256
1000000.824572
1000000.824066
1000000.820449
1000000.826038
1000000.820939
1000000.821183
1000000.824271
1000000.823785
1000000.819711
1000000.819153
1000000.823619
1000000.824671
1000000.818879
1000000.823703
1000000.818976
1000000.818496
1000000.822679
1000000.818920
1000000.819380
1000000.818827
1000000.819445
1000000.823900
1000000.818798
1000000.818983
1000000.822788
1000000.823088
1000000.824032
1000000.822491
1000000.822160
1000000.822230
1000000.821833
1000000.815944
1000000.822046
1000000.821589
1000000.816778
1000000.822559
1000000.817752
1000000.816353
1000000.821012
1000000.816794
1000000.822178
1000000.817037
1000000.822058
1000000.821367
1000000.820534
1000000.821853
1000000.815857
1000000.820683
1000000.819701
1000000.814720
1000000.819856
1000000.820361
1000000.819293
1000000.819324
1000000.820735
1000000.820469
1000000.821563
1000000.816036
1000000.820746
1000000.822097
1000000.822322
1000000.818053
1000000.817245
1000000.816409
1000000.816958
1000000.822887
1000000.822547
1000000.817958
1000000.823457
1000000.823111
1000000.822282
1000000.819028
1000000.823709
1000000.822716
1000000.823367
1000000.819189
1000000.818098
1000000.818069
1000000.823806
1000000.818111
1000000.823214
1000000.823514
1000000.823070
1000000.824384
1000000.819246
1000000.819238
1000000.824655
1000000.825117
1000000.819983
1000000.824869
1000000.825171
1000000.824623
1000000.824042
1000000.819562
1000000.818949
1000000.823022
1000000.818256
1000000.818288
1000000.823406
1000000.822688
1000000.822670
1000000.817126
1000000.816647
1000000.822453
1000000.817068
1000000.815984
1000000.821351
1000000.815496
1000000.816265
1000000.820381
1000000.820603
1000000.816233
1000000.819601
1000000.815488
1000000.814922
1000000.814721
1000000.820543
1000000.820997
1000000.815333
1000000.820917
1000000.823352
1000000.821533
1000000.817321
1000000.817118
1000000.816385
1000000.822847
1000000.818425
1000000.817355
1000000.822557
1000000.817959
1000000.818004
1000000.824415
1000000.819014
1000000.823234
1000000.823613
1000000.818596
1000000.817973
1000000.821981
1000000.818486
1000000.823566
1000000.822806
1000000.823875
1000000.819070
1000000.823245
1000000.824737
1000000.819438
1000000.826136
1000000.820363
1000000.820348
1000000.825276
1000000.820928
1000000.824876
1000000.820895
1000000.825211
1000000.825611
1000000.824859
1000000.825064
1000000.825546
1000000.825652
1000000.825716
1000000.820221
1000000.821301
1000000.820375
1000000.825298
1000000.821061
1000000.820512
1000000.821269
1000000.820715
1000000.826474
1000000.826436
1000000.821255
1000000.821735
1000000.827235
1000000.826516
1000000.822348
1000000.826979
1000000.828031
1000000.826589
1000000.826946
1000000.822222
1000000.821786
1000000.826633
1000000.822829
1000000.826740
1000000.827373
1000000.822345
1000000.827179
1000000.822920
1000000.822652
1000000.822884
1000000.824248
1000000.829091
1000000.823721
1000000.823275
1000000.823111
1000000.823015
1000000.823709
1000000.822868
1000000.823719
1000000.828403
1000000.828156
1000000.829266
1000000.823883
1000000.828016
1000000.827593
1000000.828001
1000000.823871
1000000.823063
1000000.823871
1000000.823269
1000000.828185
1000000.828266
1000000.827363
1000000.823334
1000000.826996
1000000.822296
1000000.827714
1000000.826902
1000000.822219
1000000.822667
1000000.827097
1000000.822304
1000000.823545
1000000.827842
1000000.823110
1000000.822996
1000000.828387
1000000.822999
1000000.827604
1000000.827972
1000000.822777
1000000.822259
1000000.826486
1000000.826951
1000000.826033
1000000.822198
1000000.821488
1000000.826662
1000000.826319
1000000.822028
1000000.827234
1000000.822086
1000000.822310
1000000.822085
1000000.822710
1000000.826165
1000000.821472
1000000.826889
1000000.828201
1000000.827339
1000000.827355
1000000.822296
1000000.822599
1000000.822925
1000000.826799
1000000.822375
1000000.821489
1000000.825695
1000000.826688
1000000.823209
1000000.827057
1000000.828351
1000000.823253
1000000.822473
1000000.822947
1000000.828714
1000000.823305
1000000.828181
1000000.823090
1000000.823889
1000000.829315
1000000.828391
1000000.824226
1000000.828927
1000000.825438
1000000.824901
1000000.824887
1000000.829320
1000000.825330
1000000.825688
1000000.829712
1000000.829956
1000000.830361
1000000.829801
1000000.826701
1000000.826032
1000000.831342
1000000.830100
1000000.826038
1000000.826880
1000000.827851
1000000.826997
1000000.826364
1000000.832155
1000000.831693
1000000.826623
1000000.832193
1000000.826708
1000000.826793
1000000.832628
1000000.827900
1000000.832134
1000000.827252
1000000.832763
1000000.827277
1000000.832832
1000000.827505
1000000.827887
1000000.828515
1000000.832656
1000000.828912
1000000.834278
1000000.829354
1000000.833324
1000000.829032
1000000.834021
1000000.828291
1000000.829313
1000000.833906
1000000.829016
1000000.830317
1000000.834465
1000000.835142
1000000.830563
1000000.830744
1000000.836001
1000000.831601
1000000.830752
1000000.836462
1000000.836814
1000000.831900
1000000.836863
1000000.836353
1000000.831597
1000000.837106
1000000.830997
1000000.831363
1000000.831316
1000000.836971
1000000.837391
1000000.832219
1000000.832722
1000000.837584
1000000.836659
1000000.832878
1000000.837943
1000000.837005
1000000.836795
1000000.833610
1000000.832839
1000000.838390
1000000.833180
1000000.832032
1000000.832884
1000000.838053
1000000.831640
1000000.836161
1000000.831483
1000000.835854
1000000.832091
1000000.831925
1000000.836517
1000000.836560
1000000.830658
1000000.834698
1000000.834717
1000000.829648
1000000.831361
1000000.835402
1000000.831761
1000000.831659
1000000.836868
1000000.837247
1000000.832523
1000000.832465
1000000.836943
1000000.833586
1000000.832915
1000000.837462
1000000.831481
1000000.832208
1000000.836527
1000000.837115
1000000.837042
1000000.832954
1000000.838280
1000000.833343
1000000.832740
1000000.832132
1000000.837733
1000000.837848
1000000.832872
1000000.833251
1000000.833321
1000000.837801
1000000.832812
1000000.832908
1000000.832774
1000000.832692
1000000.834222
1000000.838715
1000000.833512
1000000.837171
1000000.837085
1000000.833908
1000000.833424
1000000.833784
1000000.834175
1000000.838143
1000000.839640
1000000.834953
1000000.833608
1000000.838743
1000000.833985
1000000.835266
1000000.835059
1000000.835846
1000000.840130
1000000.834825
1000000.834060
1000000.838534
1000000.833375
1000000.838062
1000000.839508
1000000.834335
1000000.838921
1000000.835200
1000000.840181
1000000.833925
1000000.838295
1000000.834228
1000000.838192
1000000.833980
1000000.837861
1000000.832995
1000000.837762
1000000.836784
1000000.837550
1000000.833270
1000000.833071
1000000.837474
1000000.832706
1000000.832641
1000000.838109
1000000.832695
1000000.832613
1000000.837316
1000000.837507
1000000.831342
1000000.836526
1000000.831147
1000000.830025
1000000.831212
1000000.830211
1000000.837184
1000000.835174
1000000.829515
1000000.834851
1000000.829646
1000000.835253
1000000.834663
1000000.834158
1000000.834114
1000000.829791
1000000.834310
1000000.829339
1000000.833625
1000000.834476
1000000.834147
1000000.833348
1000000.833900
1000000.835177
1000000.834366
1000000.835248
1000000.830489
1000000.830088
1000000.830944
1000000.831123
1000000.834383
1000000.829773
1000000.834719
1000000.833942
1000000.829826
1000000.829198
1000000.832726
1000000.832256
1000000.828355
1000000.828355
1000000.827114
1000000.830977
1000000.827237
1000000.830799
1000000.827557
1000000.832534
1000000.831975
1000000.832056
1000000.833662
1000000.828703
1000000.832835
1000000.829000
1000000.828895
1000000.828355
1000000.832581
1000000.828684
1000000.828486
1000000.833333
1000000.829614
1000000.834026
1000000.830803
1000000.830510
1000000.835209
1000000.829285
1000000.834658
1000000.830229
1000000.834848
1000000.828915
1000000.833046
1000000.828596
1000000.833703
1000000.832852
1000000.828696
1000000.829114
1000000.832925
1000000.829604
1000000.830668
1000000.830218
1000000.834780
1000000.830410
1000000.829849
1000000.835735
1000000.835079
1000000.829588
1000000.830157
1000000.834558
1000000.828630
1000000.833483
1000000.829441
1000000.829091
1000000.835235
1000000.834991
1000000.834131
1000000.830000
1000000.830515
1000000.830605
1000000.831180
1000000.830107
1000000.834688
1000000.830928
1000000.835025
1000000.834945
1000000.835284
1000000.830170
1000000.834852
1000000.831213
1000000.835152
1000000.829570
1000000.829706
1000000.828245
1000000.833540
1000000.827557
1000000.832257
1000000.832474
1000000.827489
1000000.832789
1000000.828013
1000000.832113
1000000.826973
1000000.827967
1000000.827296
1000000.826504
1000000.833768
1000000.832410
1000000.831647
1000000.831828
1000000.827879
1000000.828189
1000000.827062
1000000.827754
1000000.827483
1000000.827284
1000000.827704
1000000.828182
1000000.828659
1000000.828494
1000000.829467
1000000.834279
1000000.834010
1000000.828417
1000000.827883
1000000.832556
1000000.833900
1000000.828779
1000000.833388
1000000.833974
1000000.834111
1000000.832233
1000000.827808
1000000.828364
1000000.828662
1000000.827658
1000000.832649
1000000.827317
1000000.833702
1000000.832288
1000000.828648
1000000.833656
1000000.832583
1000000.827249
1000000.831891
1000000.831504
1000000.824809
1000000.824729
1000000.824892
1000000.825125
1000000.830267
1000000.825837
1000000.830196
1000000.830802
1000000.831764
1000000.829991
1000000.830245
1000000.825633
1000000.826020
1000000.830178
1000000.830739
1000000.825137
1000000.828688
1000000.830600
1000000.825061
1000000.825245
1000000.830117
1000000.824081
1000000.829293
1000000.830472
1000000.824406
1000000.824140
1000000.822802
1000000.823125
1000000.822897
1000000.828343
1000000.827465
1000000.822167
1000000.822380
1000000.826692
1000000.827529
1000000.827493
1000000.822465
1000000.822841
1000000.823589
1000000.822942
1000000.822850
1000000.828470
1000000.822272
1000000.822838
1000000.822770
1000000.823193
1000000.823149
1000000.826925
1000000.822607
1000000.828651
1000000.827170
1000000.826631
1000000.827726
1000000.825586
1000000.820542
1000000.820486
1000000.825303
1000000.824253
1000000.824503
1000000.823923
1000000.825233
1000000.820109
1000000.819830
1000000.823977
1000000.819829
1000000.823499
1000000.818686
1000000.823503
1000000.824749
1000000.819676
1000000.819542
1000000.818896
1000000.819848
1000000.819346
1000000.824089
1000000.824986
1000000.824977
1000000.824779
1000000.824955
1000000.824110
1000000.823198
1000000.819269
1000000.823563
1000000.822826
1000000.818531
1000000.822631
1000000.822168
1000000.822129
1000000.818574
1000000.823722
1000000.818593
1000000.818142
1000000.817706
1000000.822291
1000000.818549
1000000.822828
1000000.818975
1000000.823414
1000000.822328
1000000.817673
1000000.822757
1000000.823514
1000000.818124
1000000.818749
1000000.819106
1000000.822410
1000000.818084
1000000.819148
1000000.818452
1000000.822190
1000000.817406
1000000.817334
1000000.821489
1000000.822521
1000000.817764
1000000.822279
1000000.823465
1000000.817293
1000000.821964
1000000.816264
1000000.816766
1000000.820295
1000000.821231
1000000.816561
1000000.817245
1000000.817093
1000000.817302
1000000.818013
1000000.822448
1000000.823116
1000000.817183
1000000.816515
1000000.821704
1000000.820447
1000000.820637
1000000.816492
1000000.815370
1000000.815907
1000000.820351
1000000.817273
1000000.815966
1000000.816815
1000000.816457
1000000.820449
1000000.815803
1000000.815177
1000000.815375
1000000.819578
1000000.820835
1000000.815897
1000000.815018
1000000.818855
1000000.821422
1000000.815364
1000000.814989
1000000.820224
1000000.814591
1000000.820922
1000000.815415
1000000.818506
1000000.813861
1000000.813547
1000000.818830
1000000.814472
1000000.817951
1000000.818533
1000000.817932
1000000.813776
1000000.819245
1000000.814015
1000000.819613
1000000.814694
1000000.814358
1000000.815341
1000000.815221
1000000.814665
1000000.815186
1000000.814948
1000000.820348
1000000.820415
1000000.814576
1000000.820204
1000000.820669
1000000.820025
1000000.820322
1000000.815956
1000000.820071
1000000.819929
1000000.815381
1000000.815697
1000000.819829
1000000.816424
1000000.820699
1000000.816615
1000000.821970
1000000.820739
1000000.821938
1000000.820996
1000000.822170
1000000.816919
1000000.822789
1000000.817900
1000000.821945
1000000.821807
1000000.822276
1000000.818293
1000000.817510
1000000.822257
1000000.817745
1000000.821765
1000000.823333
1000000.823382
1000000.824556
1000000.819058
1000000.819639
1000000.823980
1000000.819789
1000000.819689
1000000.825083
1000000.820127
1000000.825087
1000000.820811
1000000.819726
1000000.823862
1000000.819830
1000000.825156
1000000.825188
1000000.824742
1000000.819969
1000000.825767
1000000.824308
1000000.825009
1000000.824756
1000000.824567
1000000.825121
1000000.825026
1000000.824422
1000000.820028
1000000.820923
1000000.820578
1000000.826408
1000000.826146
1000000.825686
1000000.825961
1000000.826702
1000000.820938
1000000.825972
1000000.827602
1000000.822231
1000000.827736
1000000.826762
1000000.826901
1000000.822689
1000000.821425
1000000.820960
1000000.822035
1000000.821284
1000000.826525
1000000.826896
1000000.821888
1000000.826294
1000000.827148
1000000.820845
1000000.826647
1000000.824964
1000000.819453
1000000.819487
1000000.823769
1000000.823944
1000000.821028
1000000.821330
1000000.827234
1000000.827416
1000000.827085
1000000.823140
1000000.823380
1000000.823239
1000000.827818
1000000.824063
1000000.824237
1000000.827894
1000000.828041
1000000.823913
1000000.822999
1000000.827998
1000000.822991
1000000.822920
1000000.822120
1000000.826575
1000000.827759
1000000.826869
1000000.821562
1000000.826962
1000000.822291
1000000.822512
1000000.822754
1000000.827806
1000000.822823
1000000.827957
1000000.823351
1000000.828232
1000000.823784
1000000.823245
1000000.828299
1000000.827993
1000000.822267
1000000.821690
1000000.827496
1000000.827268
1000000.826274
1000000.822673
1000000.827074
1000000.822529
1000000.822581
1000000.822092
1000000.827095
1000000.821384
1000000.826351
1000000.826888
1000000.826576
1000000.821860
1000000.827165
1000000.821117
1000000.821397
1000000.826964
1000000.822687
1000000.826579
1000000.822665
1000000.822457
1000000.822215
1000000.822945
1000000.827965
1000000.822116
1000000.822334
1000000.827314
1000000.821732
1000000.827915
1000000.827682
1000000.828201
1000000.824405
1000000.827390
1000000.827710
1000000.828088
1000000.823665
1000000.823631
1000000.828694
1000000.823677
1000000.823370
1000000.828264
1000000.828947
1000000.823864
1000000.824100
1000000.823078
1000000.828508
1000000.829772
1000000.824845
1000000.831050
1000000.823718
1000000.824123
1000000.829031
1000000.823915
1000000.828182
1000000.828795
1000000.829640
1000000.824840
1000000.823821
1000000.823399
1000000.823471
1000000.822891
1000000.828018
1000000.828710
1000000.822871
1000000.824225
1000000.829163
1000000.823269
1000000.828120
1000000.827357
1000000.829239
1000000.828865
1000000.824232
1000000.823246
1000000.827377
1000000.823698
1000000.828291
1000000.824318
1000000.824467
1000000.829054
1000000.828520
1000000.824304
1000000.828914
1000000.827898
1000000.824128
1000000.828866
1000000.823959
1000000.828551
1000000.829053
1000000.828049
1000000.827903
1000000.828049
1000000.822848
1000000.827254
1000000.822740
1000000.828009
1000000.823527
1000000.828514
1000000.828671
1000000.829780
1000000.824303
1000000.824912
1000000.825060
1000000.825444
1000000.825755
1000000.826088
1000000.830547
1000000.826634
1000000.831589
1000000.825426
1000000.830920
1000000.826283
1000000.830579
1000000.826610
1000000.825925
1000000.826157
1000000.831448
1000000.825007
1000000.829977
1000000.825788
1000000.830679
1000000.826415
1000000.831629
1000000.825740
1000000.831583
1000000.830868
1000000.826929
1000000.827018
1000000.831227
1000000.826970
1000000.831968
1000000.832126
1000000.832800
1000000.831995
1000000.832792
1000000.832119
1000000.832970
1000000.827907
1000000.833190
1000000.828341
1000000.829254
1000000.834685
1000000.833706
1000000.828947
1000000.833892
1000000.830064
1000000.830395
1000000.829035
1000000.834032
1000000.833588
1000000.830313
1000000.830058
1000000.836224
1000000.830960
1000000.835447
1000000.834717
1000000.830551
1000000.835455
1000000.830128
1000000.835166
1000000.833647
1000000.829746
1000000.829252
1000000.829458
1000000.835372
1000000.829950
1000000.829447
1000000.833589
1000000.833874
1000000.828448
1000000.827879
1000000.828021
1000000.827934
1000000.828014
1000000.833005
1000000.833123
1000000.834100
1000000.833957
1000000.830320
1000000.835769
1000000.829574
1000000.834119
1000000.829447
1000000.834604
1000000.829789
1000000.828989
1000000.835104
1000000.834157
1000000.835078
1000000.834526
1000000.828884
1000000.834595
1000000.829062
1000000.829823
1000000.835456
1000000.830657
1000000.830582
1000000.835246
1000000.830743
1000000.830434
1000000.834564
1000000.830080
1000000.836115
1000000.830794
1000000.835283
1000000.835988
1000000.830562
1000000.831357
1000000.831054
1000000.835454
1000000.831084
1000000.836277
1000000.830513
1000000.830550
1000000.834836
1000000.830559
1000000.831303
1000000.835802
1000000.835239
1000000.835433
1000000.838029
1000000.832635
1000000.836176
1000000.836842
1000000.837438
1000000.831751
1000000.831649
1000000.832438
1000000.837082
1000000.831950
1000000.837217
1000000.836923
1000000.836081
1000000.836308
1000000.832074
1000000.837264
1000000.836489
1000000.832003
1000000.832633
1000000.831844
1000000.835707
1000000.831178
1000000.835724
1000000.829819
1000000.834028
1000000.833311
1000000.832821
1000000.829556
1000000.829357
1000000.834248
1000000.829960
1000000.834483
1000000.829246
1000000.834839
1000000.828616
1000000.833433
1000000.834141
1000000.828409
1000000.828957
1000000.829907
1000000.829110
1000000.833050
1000000.829533
1000000.833976
1000000.828280
1000000.834975
1000000.828286
1000000.827784
1000000.831927
1000000.826171
1000000.826588
1000000.828168
1000000.832316
1000000.833364
1000000.832830
1000000.833042
1000000.832909
1000000.828426
1000000.829041
1000000.833928
1000000.833494
1000000.833846
1000000.834623
1000000.829019
1000000.834468
1000000.828391
1000000.833305
1000000.828424
1000000.827879
1000000.827251
1000000.832238
1000000.832107
1000000.825474
1000000.826274
1000000.832277
1000000.825774
1000000.829669
1000000.825548
1000000.829298
1000000.830475
1000000.830537
1000000.830056
1000000.831596
1000000.826986
1000000.827051
1000000.826801
1000000.827422
1000000.826817
1000000.831005
1000000.825812
1000000.829076
1000000.825022
1000000.825184
1000000.824885
1000000.825140
1000000.829707
1000000.824601
1000000.824577
1000000.829944
1000000.824347
1000000.824694
1000000.829987
1000000.827576
1000000.822795
1000000.822778
1000000.822626
1000000.823869
1000000.827790
1000000.822876
1000000.822485
1000000.822516
1000000.826401
1000000.826570
1000000.822272
1000000.827072
1000000.826101
1000000.826407
1000000.827241
1000000.826424
1000000.827223
1000000.821648
1000000.827678
1000000.828112
1000000.827892
1000000.827996
1000000.829693
1000000.829118
1000000.823717
1000000.823671
1000000.827760
1000000.827524
1000000.828565
1000000.823205
1000000.827317
1000000.827509
1000000.827624
1000000.827487
1000000.821487
1000000.822000
1000000.823159
1000000.822574
1000000.822414
1000000.822988
1000000.822848
1000000.822503
1000000.827262
1000000.826390
1000000.820605
1000000.825670
1000000.826334
1000000.825540
1000000.821629
1000000.821644
1000000.825664
1000000.822157
1000000.826780
1000000.826219
1000000.827323
1000000.821231
1000000.820672
1000000.826653
1000000.826159
1000000.825843
1000000.821499
1000000.826122
1000000.825098
1000000.825206
1000000.821412
1000000.825184
1000000.825662
1000000.826289
1000000.825610
1000000.825294
1000000.826240
1000000.825882
1000000.821430
1000000.820270
1000000.825261
1000000.820992
1000000.825885
1000000.820503
1000000.826330
1000000.821522
1000000.820511
1000000.824865
1000000.825721
1000000.825440
1000000.820176
1000000.826840
1000000.825499
1000000.824991
1000000.820194
1000000.819976
1000000.819453
1000000.825076
1000000.825001
1000000.820273
1000000.820348
1000000.820447
1000000.819790
1000000.826234
1000000.820194
1000000.826176
1000000.825694
1000000.826066
1000000.821438
1000000.820100
1000000.824553
1000000.825319
1000000.819821
1000000.819840
1000000.825191
1000000.819887
1000000.821229
1000000.820678
1000000.820683
1000000.821434
1000000.820623
1000000.825131
1000000.820967
1000000.824880
1000000.820199
1000000.825595
1000000.825651
1000000.824361
1000000.824959
1000000.819903
1000000.825511
1000000.819682
1000000.820243
1000000.819596
1000000.823371
1000000.822812
1000000.822940
1000000.823103
1000000.817311
1000000.821147
1000000.822240
1000000.822742
1000000.821964
1000000.817666
1000000.817662
1000000.817377
1000000.817250
1000000.817371
1000000.816259
1000000.821126
1000000.816717
1000000.821285
1000000.821871
1000000.821013
1000000.821979
1000000.824264
1000000.822431
1000000.818363
1000000.823204
1000000.817817
1000000.817586
1000000.822035
1000000.817172
1000000.821927
1000000.816789
1000000.816589
1000000.822413
1000000.815838
1000000.820695
1000000.816575
1000000.821889
1000000.817420
1000000.816066
1000000.816665
1000000.822538
1000000.817263
1000000.822842
1000000.819000
1000000.818691
1000000.818481
1000000.818942
1000000.824409
1000000.818386
1000000.817754
1000000.822837
1000000.819085
1000000.823413
1000000.823896
1000000.818853
1000000.823913
1000000.822543
1000000.823574
1000000.818251
1000000.823345
1000000.819044
1000000.823356
1000000.824766
1000000.818954
1000000.819449
1000000.825072
1000000.819630
1000000.826017
1000000.824738
1000000.823456
1000000.824846
1000000.825547
1000000.820276
1000000.820761
1000000.825214
1000000.819261
1000000.819209
1000000.819750
1000000.824206
1000000.819375
1000000.820194
1000000.820375
1000000.825364
1000000.825588
1000000.820094
1000000.820631
1000000.825943
1000000.825043
1000000.820656
1000000.820248
1000000.820404
1000000.820084
1000000.826234
1000000.821134
1000000.825946
1000000.826891
1000000.821333
1000000.825790
1000000.820309
1000000.825078
1000000.826466
1000000.821026
1000000.820009
1000000.825757
1000000.826239
1000000.825412
1000000.821208
1000000.825043
1000000.821463
1000000.826549
1000000.822112
1000000.821753
1000000.822426
1000000.828054
1000000.828041
1000000.829351
1000000.828600
1000000.824929
1000000.824821
1000000.825247
1000000.829483
1000000.829574
1000000.829827
1000000.824636
1000000.829764
1000000.824379
1000000.824170
1000000.828599
1000000.823542
1000000.823567
1000000.823022
1000000.829629
1000000.824697
1000000.828213
1000000.827889
1000000.823533
1000000.823502
1000000.827941
1000000.827682
1000000.828387
1000000.822836
1000000.828349
1000000.823146
1000000.828056
1000000.828302
1000000.827549
1000000.823176
1000000.822791
1000000.823039
1000000.824253
1000000.824284
1000000.829139
1000000.824463
1000000.828371
1000000.824370
1000000.824206
1000000.827973
1000000.823561
1000000.827509
1000000.822183
1000000.822885
1000000.826916
1000000.826436
1000000.822079
1000000.822181
1000000.827825
1000000.827268
1000000.826232
1000000.822337
1000000.822526
1000000.822276
1000000.827735
1000000.821861
1000000.822150
1000000.821900
1000000.820945
1000000.821334
1000000.820898
1000000.826487
1000000.820706
1000000.824723
1000000.825796
1000000.826211
1000000.824828
1000000.821258
1000000.820359
1000000.824969
1000000.820610
1000000.820632
1000000.819938
1000000.824781
1000000.819887
1000000.824572
1000000.825711
1000000.820280
1000000.821677
1000000.825583
1000000.821763
1000000.820783
1000000.821977
1000000.825909
1000000.826231
1000000.822089
1000000.826801
1000000.826185
1000000.826934
1000000.821906
1000000.826739
1000000.823227
1000000.822444
1000000.828119
1000000.828786
1000000.823352
1000000.823555
1000000.822546
1000000.823321
1000000.822988
1000000.823676
1000000.822591
1000000.822089
1000000.827820
1000000.828063
1000000.827799
1000000.828748
1000000.823444
1000000.828635
1000000.823911
1000000.828536
1000000.828313
1000000.822518
1000000.823450
1000000.829372
1000000.822590
1000000.828442
1000000.829046
1000000.829261
1000000.824924
1000000.829812
1000000.828770
1000000.828609
1000000.829254
1000000.829619
1000000.828960
1000000.824775
1000000.823685
1000000.828536
1000000.829327
1000000.823862
1000000.828781
1000000.829422
1000000.823550
1000000.827781
1000000.823633
1000000.823763
1000000.828974
1000000.824653
1000000.828980
1000000.830502
1000000.829902
1000000.825687
1000000.831228
1000000.829891
1000000.826177
1000000.831299
1000000.831447
1000000.825842
1000000.832238
1000000.826301
1000000.826537
1000000.825377
1000000.825349
1000000.830893
1000000.830684
1000000.827037
1000000.831892
1000000.832000
1000000.828793
1000000.827860
1000000.832547
1000000.834572
1000000.827888
1000000.828835
1000000.833835
1000000.828010
1000000.828529
1000000.833671
1000000.832507
1000000.832969
1000000.828287
1000000.828539
1000000.828422
1000000.828978
1000000.834361
1000000.828793
1000000.829381
1000000.829944
1000000.829479
1000000.828762
1000000.833307
1000000.833627
1000000.828820
1000000.829413
1000000.830157
1000000.835776
1000000.835563
1000000.836600
1000000.836130
1000000.836353
1000000.831795
1000000.835981
1000000.836596
1000000.832260
1000000.831504
1000000.837222
1000000.832541
1000000.832028
1000000.832183
1000000.837207
1000000.831861
1000000.836002
1000000.836228
1000000.836644
1000000.836513
1000000.835980
1000000.836337
1000000.832346
1000000.832736
1000000.832213
1000000.832137
1000000.837307
1000000.831629
1000000.832706
1000000.832928
1000000.837631
1000000.838300
1000000.833547
1000000.837327
1000000.833215
1000000.837938
1000000.837133
1000000.832746
1000000.833011
1000000.833023
1000000.833437
1000000.832959
1000000.832154
1000000.831811
1000000.832118
1000000.836731
1000000.831060
1000000.831777
1000000.836119
1000000.832431
1000000.837689
1000000.831946
1000000.836332
1000000.832081
1000000.837654
1000000.836605
1000000.832289
1000000.831768
1000000.836805
1000000.837452
1000000.832402
1000000.833369
1000000.832703
1000000.831746
1000000.835669
1000000.831482
1000000.835867
1000000.832051
1000000.831694
1000000.837372
1000000.831163
1000000.836591
1000000.831766
1000000.834974
1000000.835582
1000000.832133
1000000.836539
1000000.831527
1000000.835915
1000000.837071
1000000.831312
1000000.837104
1000000.830549
1000000.830568
1000000.835047
1000000.836483
1000000.831778
1000000.830118
1000000.829916
1000000.835928
1000000.830517
1000000.833859
1000000.829305
1000000.828809
1000000.835408
1000000.830163
1000000.829515
1000000.834312
1000000.835165
1000000.830664
1000000.831199
1000000.830783
1000000.835781
1000000.831685
1000000.836933
1000000.831766
1000000.834415
1000000.829870
1000000.830536
1000000.835682
1000000.830951
1000000.836458
1000000.835914
1000000.829945
1000000.835947
1000000.835459
1000000.830620
1000000.829924
1000000.834216
1000000.834254
1000000.833805
1000000.828701
1000000.828912
1000000.834777
1000000.833342
1000000.828738
1000000.834837
1000000.829679
1000000.830435
1000000.834681
1000000.833766
1000000.832914
1000000.828607
1000000.828386
1000000.832476
1000000.833413
1000000.828483
1000000.833382
1000000.833952
1000000.828734
1000000.832368
1000000.832511
1000000.833410
1000000.827381
1000000.828137
1000000.832822
1000000.832056
1000000.827413
1000000.831913
1000000.826980
1000000.832540
1000000.833049
1000000.826924
1000000.827203
1000000.831329
1000000.831884
1000000.831219
1000000.831079
1000000.826722
1000000.830707
1000000.830038
1000000.826503
1000000.831531
1000000.830253
1000000.830850
1000000.832111
1000000.830905
1000000.827195
1000000.831985
1000000.826810
1000000.831455
1000000.831792
1000000.826142
1000000.831614
1000000.826636
1000000.826637
1000000.827018
1000000.826465
1000000.830422
1000000.826482
1000000.831781
1000000.825844
1000000.826860
1000000.826895
1000000.830417
1000000.830705
1000000.830741
1000000.825231
1000000.829658
1000000.825326
1000000.828963
1000000.825014
1000000.829522
1000000.830850
1000000.825578
1000000.830991
1000000.826576
1000000.825896
1000000.825706
1000000.829059
1000000.828665
1000000.824903
1000000.829813
1000000.824022
1000000.829485
1000000.829266
1000000.825279
1000000.824365
1000000.824492
1000000.829726
1000000.829262
1000000.824159
1000000.822932
1000000.828945
1000000.830982
1000000.826092
1000000.830782
1000000.831175
1000000.830414
1000000.825378
1000000.830153
1000000.830332
1000000.824587
1000000.829610
1000000.828827
1000000.823431
1000000.823120
1000000.826404
1000000.822622
1000000.826816
1000000.827445
1000000.827415
1000000.821933
1000000.827380
1000000.822426
1000000.827403
1000000.822159
1000000.821588
1000000.821591
1000000.828188
1000000.822821
1000000.822654
1000000.828193
1000000.827123
1000000.826737
1000000.827365
1000000.822365
1000000.822710
1000000.827070
1000000.822978
1000000.828119
1000000.822874
1000000.828929
1000000.823364
1000000.823940
1000000.823400
1000000.828457
1000000.829792
1000000.824818
1000000.828817
1000000.829709
1000000.828128
1000000.823644
1000000.823873
1000000.823778
1000000.827902
1000000.824196
1000000.828529
1000000.824530
1000000.829687
1000000.824834
1000000.824953
1000000.829842
1000000.824350
1000000.828767
1000000.829788
1000000.830312
1000000.824934
1000000.824759
1000000.829326
1000000.825709
1000000.830496
1000000.825599
1000000.830304
1000000.825933
1000000.830071
1000000.824230
1000000.829075
1000000.823595
1000000.823821
1000000.824344
1000000.823726
1000000.822970
1000000.828885
1000000.828709
1000000.823955
1000000.824301
1000000.823195
1000000.822799
1000000.823912
1000000.828525
1000000.824095
1000000.827668
1000000.828261
1000000.828020
1000000.826671
1000000.825818
1000000.826118
1000000.821124
1000000.820159
1000000.825898
1000000.821140
1000000.819649
1000000.820991
1000000.827511
1000000.824439
1000000.819763
1000000.825127
1000000.819221
1000000.819821
1000000.820446
1000000.825902
1000000.820607
1000000.820190
1000000.825373
1000000.824947
1000000.823624
1000000.824618
1000000.819393
1000000.819969
1000000.824987
1000000.820303
1000000.820999
1000000.820010
1000000.825190
1000000.819798
1000000.824156
1000000.823922
1000000.824803
1000000.824025
1000000.824929
1000000.819972
1000000.823855
1000000.819920
1000000.824032
1000000.819647
1000000.824846
1000000.819882
1000000.823601
1000000.819277
1000000.818290
1000000.818599
1000000.818389
1000000.821947
1000000.816809
1000000.822494
1000000.822293
1000000.818218
1000000.821947
1000000.822480
1000000.818243
1000000.818324
1000000.822899
1000000.822216
1000000.822913
1000000.817531
1000000.817911
1000000.821754
1000000.822871
1000000.823177
1000000.822611
1000000.822269
1000000.818136
1000000.821968
1000000.817295
1000000.822519
1000000.817440
1000000.820273
1000000.821265
1000000.820269
1000000.815814
1000000.816670
1000000.823077
1000000.817489
1000000.821512
1000000.817173
1000000.816172
1000000.815889
1000000.820459
1000000.821071
1000000.820777
1000000.815817
1000000.815650
1000000.821946
1000000.814812
1000000.818755
1000000.818912
1000000.820207
1000000.820648
1000000.820303
1000000.820251
1000000.820916
1000000.815560
1000000.815999
1000000.821321
1000000.815610
1000000.816285
1000000.815430
1000000.815267
1000000.814836
1000000.820421
1000000.815691
1000000.820586
1000000.815277
1000000.814659
1000000.820052
1000000.815128
1000000.817824
1000000.814186
1000000.818922
1000000.814366
1000000.814208
1000000.813408
1000000.819034
1000000.814611
1000000.818671
1000000.815172
1000000.818883
1000000.814933
1000000.819819
1000000.819372
1000000.814734
1000000.815201
1000000.820183
1000000.819180
1000000.819901
1000000.814860
1000000.820657
1000000.815860
1000000.820319
1000000.819673
1000000.814798
1000000.814380
1000000.813727
1000000.817988
1000000.819385
1000000.815049
1000000.814564
1000000.814994
1000000.821311
1000000.819784
1000000.813934
1000000.819513
1000000.814312
1000000.819660
1000000.815654
1000000.819577
1000000.815953
1000000.819690
1000000.815475
1000000.813797
1000000.818137
1000000.818442
1000000.818305
1000000.812733
1000000.813182
1000000.812809
1000000.818838
1000000.818515
1000000.817678
1000000.812894
1000000.817908
1000000.813331
1000000.813535
1000000.812840
1000000.813884
1000000.813707
1000000.813052
1000000.819197
1000000.813796
1000000.819572
1000000.818599
1000000.819302
1000000.820074
1000000.815233
1000000.819818
1000000.814944
1000000.818413
1000000.813474
1000000.819688
1000000.819291
1000000.814074
1000000.819579
1000000.814870
1000000.815377
1000000.819577
1000000.820675
1000000.819978
1000000.820502
1000000.820551
1000000.815107
1000000.814361
1000000.814963
1000000.814942
1000000.814933
1000000.819128
1000000.819640
1000000.821264
1000000.821000
1000000.821562
1000000.820959
1000000.820974
1000000.819999
1000000.816039
1000000.817008
1000000.821992
1000000.821631
1000000.816613
1000000.823305
1000000.817916
1000000.816561
1000000.821996
1000000.821384
1000000.817081
1000000.817429
1000000.820992
1000000.817280
1000000.822213
1000000.822003
1000000.816581
1000000.816368
1000000.820216
1000000.817143
1000000.815783
1000000.821372
1000000.815867
1000000.820911
1000000.822394
1000000.822897
1000000.817706
1000000.817028
1000000.822959
1000000.818353
1000000.821931
1000000.817836
1000000.822821
1000000.818584
1000000.819347
1000000.819249
1000000.819281
1000000.824412
1000000.823312
1000000.819088
1000000.820116
1000000.825163
1000000.826459
1000000.822012
1000000.827850
1000000.825723
1000000.824885
1000000.825409
1000000.825964
1000000.826336
1000000.820416
1000000.825887
1000000.826172
1000000.820879
1000000.822489
1000000.826200
1000000.822127
1000000.822169
1000000.821273
1000000.825350
1000000.825931
1000000.827058
1000000.822004
1000000.822168
1000000.821435
1000000.826068
1000000.821380
1000000.826796
1000000.827822
1000000.827136
1000000.822644
1000000.828253
1000000.828040
1000000.829353
1000000.829605
1000000.824563
1000000.829272
1000000.825293
1000000.829198
1000000.824898
1000000.824258
1000000.829769
1000000.828528
1000000.824167
1000000.824042
1000000.829603
1000000.829473
1000000.824924
1000000.824740
1000000.824758
1000000.830197
1000000.824700
1000000.824591
1000000.824859
1000000.829540
1000000.825550
1000000.825264
1000000.824658
1000000.824879
1000000.825976
1000000.830308
1000000.830581
1000000.825169
1000000.829361
1000000.825823
1000000.825662
1000000.824906
1000000.824290
1000000.830108
1000000.825083
1000000.825464
1000000.830862
1000000.831769
1000000.830867
1000000.826705
1000000.831441
1000000.831004
1000000.827370
1000000.827275
1000000.827159
1000000.828156
1000000.833890
1000000.833622
1000000.828644
1000000.833521
1000000.828353
1000000.828533
1000000.833979
1000000.829057
1000000.832492
1000000.827944
1000000.827722
1000000.827790
1000000.827770
1000000.833445
1000000.834177
1000000.828594
1000000.834251
1000000.828413
1000000.833234
1000000.834549
1000000.829712
1000000.828832
1000000.833711
1000000.828182
1000000.829242
1000000.834995
1000000.830191
1000000.829167
1000000.829140
1000000.830167
1000000.834233
1000000.830582
1000000.835661
1000000.834750
1000000.830064
1000000.830784
1000000.830328
1000000.831056
1000000.836861
1000000.832699
1000000.831727
1000000.835926
1000000.836945
1000000.832056
1000000.835781
1000000.831403
1000000.832070
1000000.838097
1000000.837898
1000000.834035
1000000.838903
1000000.833567
1000000.838448
1000000.838594
1000000.833082
1000000.837583
1000000.838153
1000000.833075
1000000.837433
1000000.832325
1000000.832177
1000000.832335
1000000.832972
1000000.836855
1000000.832811
1000000.838238
1000000.833439
1000000.832338
1000000.832307
1000000.832949
1000000.833643
1000000.833011
1000000.833088
1000000.834180
1000000.838200
1000000.832561
1000000.832270
1000000.837047
1000000.831669
1000000.831012
1000000.831547
1000000.837387
1000000.836628
1000000.837208
1000000.837895
1000000.833235
1000000.833492
1000000.834410
1000000.839102
1000000.834190
1000000.837761
1000000.833203
1000000.834207
1000000.833580
1000000.838834
1000000.834614
1000000.837972
1000000.833673
1000000.837662
1000000.832505
1000000.832427
1000000.832165
1000000.836508
1000000.832951
1000000.837344
1000000.833210
1000000.833445
1000000.833326
1000000.838495
1000000.834533
1000000.834143
1000000.838023
1000000.833970
1000000.839073
1000000.837762
1000000.832449
1000000.837715
1000000.831620
1000000.832849
1000000.832319
1000000.831551
1000000.831444
1000000.836141
1000000.834896
1000000.830408
1000000.830724
1000000.830831
1000000.831027
1000000.835099
1000000.835651
1000000.830688
1000000.835099
1000000.829973
1000000.835827
1000000.836012
1000000.831681
1000000.830791
1000000.835792
1000000.835499
1000000.830463
1000000.834900
1000000.836066
1000000.831179
1000000.830401
1000000.831283
1000000.831588
1000000.830809
1000000.835565
1000000.836002
1000000.835306
1000000.829946
1000000.830757
1000000.829853
1000000.835223
1000000.836143
1000000.830820
1000000.829976
1000000.829345
1000000.829335
1000000.829236
1000000.828703
1000000.834849
1000000.829679
1000000.830765
1000000.829773
1000000.829869
1000000.829763
1000000.835678
1000000.830807
1000000.834384
1000000.830153
1000000.830402
1000000.836015
1000000.830482
1000000.834935
1000000.830484
1000000.835262
1000000.834175
1000000.829281
1000000.835152
1000000.829792
1000000.834868
1000000.830880
1000000.831280
1000000.834769
1000000.834817
1000000.836382
1000000.835907
1000000.835526
1000000.831342
1000000.834898
1000000.830490
1000000.835515
1000000.833637
1000000.833807
1000000.834846
1000000.835428
1000000.829891
1000000.831045
1000000.830772
1000000.830303
1000000.830979
1000000.835669
1000000.834205
1000000.829787
1000000.835206
1000000.829291
1000000.834091
1000000.829950
1000000.831026
1000000.830699
1000000.834822
1000000.830220
1000000.829598
1000000.828952
1000000.828646
1000000.834713
1000000.826983
1000000.827701
1000000.827893
1000000.833027
1000000.832068
1000000.827485
1000000.831734
1000000.830216
1000000.830327
1000000.831304
1000000.826102
1000000.831972
1000000.831177
1000000.826595
1000000.827111
1000000.826299
1000000.827806
1000000.827673
1000000.831665
1000000.831255
1000000.831775
1000000.826275
1000000.826733
1000000.830189
1000000.832123
1000000.829839
1000000.826220
1000000.825540
1000000.831059
1000000.831042
1000000.824940
1000000.829295
1000000.830523
1000000.825151
1000000.824831
1000000.831147
1000000.830582
1000000.825948
1000000.825267
1000000.825171
1000000.829884
1000000.829647
1000000.829090
1000000.824741
1000000.825162
1000000.830457
1000000.825624
1000000.830576
1000000.825444
1000000.829579
1000000.829854
1000000.829215
1000000.829903
1000000.830288
1000000.829156
1000000.825135
1000000.829922
1000000.825203
1000000.826031
1000000.831255
1000000.825241
1000000.825022
1000000.825836
1000000.829810
1000000.825195
1000000.826060
1000000.826006
1000000.825403
1000000.826246
1000000.830105
1000000.825264
1000000.826065
1000000.825407
1000000.824646
1000000.830377
1000000.825476
1000000.829173
1000000.829757
1000000.829643
1000000.824202
1000000.822984
1000000.827558
1000000.828106
1000000.827145
1000000.822497
1000000.829146
1000000.824008
1000000.824140
1000000.824490
1000000.829747
1000000.829534
1000000.829113
1000000.823879
1000000.830030
1000000.823932
1000000.828830
1000000.827694
1000000.827026
1000000.827638
1000000.822612
1000000.821851
1000000.821896
1000000.822405
1000000.822116
1000000.822623
1000000.822407
1000000.827207
1000000.822246
1000000.826867
1000000.821700
1000000.820762
1000000.825206
1000000.824015
1000000.820572
1000000.821201
1000000.825343
1000000.825330
1000000.826241
1000000.820451
1000000.825265
1000000.825922
1000000.825651
1000000.824708
1000000.820222
1000000.820572
1000000.825687
1000000.825190
1000000.825135
1000000.826089
1000000.825971
1000000.821036
1000000.824274
1000000.819398
1000000.823916
1000000.818693
1000000.818187
1000000.818266
1000000.818507
1000000.817839
1000000.817810
1000000.823583
1000000.818898
1000000.824528
1000000.819476
1000000.823302
1000000.818889
1000000.819652
1000000.824151
1000000.825058
1000000.824347
1000000.819244
1000000.818975
1000000.824553
1000000.819195
1000000.817757
1000000.822402
1000000.818455
1000000.818416
1000000.824994
1000000.823114
1000000.823672
1000000.819000
1000000.823172
1000000.818562
1000000.818974
1000000.822885
1000000.823136
1000000.818335
1000000.822737
1000000.822725
1000000.823863
1000000.824046
1000000.824717
1000000.823212
1000000.817792
1000000.823056
1000000.818384
1000000.822008
1000000.821938
1000000.818018
1000000.817837
1000000.817288
1000000.817294
1000000.816837
1000000.822148
1000000.821642
1000000.817010
1000000.822549
1000000.822519
1000000.817877
1000000.818345
1000000.817811
1000000.822980
1000000.818699
1000000.817501
1000000.822570
1000000.817653
1000000.821720
1000000.822038
1000000.822983
1000000.818004
1000000.822829
1000000.817594
1000000.822816
1000000.817980
1000000.816973
1000000.817001
1000000.818149
1000000.824115
1000000.817275

