100000.1264
100000.1261
100000.1260
100000.1268
100000.1270
100000.1264
100000.1293
100000.1287
100000.1293
100000.1292
100000.1298
100000.1307
100000.1304
100000.1308
100000.1315
100000.1316
100000.1321
100000.1321
100000.1322
100000.1319
100000.1332
100000.1336
100000.1332
100000.1334
100000.1332
100000.1335
100000.1346
100000.1346
100000.1343
100000.1347
100000.1345
100000.1351
100000.1361
100000.1357
100000.1358
100000.1365
100000.1367
100000.1368
100000.1368
100000.1370
100000.1374
100000.1379
100000.1378
100000.1376
100000.1379
100000.1377
100000.1381
100000.1386
100000.1381
100000.1382
100000.1388
100000.1388
100000.1392
100000.1394
100000.1393
100000.1398
100000.1403
100000.1401
100000.1402
100000.1405
100000.1405
100000.1410
100000.1409
100000.1406
100000.1411
100000.1415
100000.1412
100000.1414
100000.1413
100000.1412
100000.1421
100000.1420
100000.1417
100000.1422
100000.1421
100000.1428
100000.1429
100000.1427
100000.1432
100000.1438
100000.1436
100000.1438
100000.1439
100000.1436
100000.1445
100000.1444
100000.1437
100000.1442
100000.1442
100000.1448
100000.1446
100000.1443
100000.1445
100000.1452
100000.1449
100000.1453
100000.1455
100000.1453
100000.1462
100000.1456
100000.1465
100000.1465
100000.1467
100000.1463
100000.1470
100000.1467
100000.1469
100000.1469
100000.1470
100000.1475
100000.1471
100000.1471
100000.1477
100000.1479
100000.1481
100000.1481
100000.1479
100000.1485
100000.1490
100000.1481
100000.1487
100000.1488
100000.1489
100000.1491
100000.1485
100000.1484
100000.1491
100000.1490
100000.1488
100000.1491
100000.1492
100000.1498
100000.1497
100000.1495
100000.1500
100000.1502
100000.1503
100000.1503
100000.1499
100000.1506
100000.1510
100000.1503
100000.1506
100000.1505
100000.1509
100000.1513
100000.1507
100000.1507
100000.1513
100000.1511
100000.1511
100000.1513
100000.1508
100000.1520
100000.1516
100000.1516
100000.1520
100000.1521
100000.1527
100000.1521
100000.1520
100000.1526
100000.1524
100000.1523
100000.1526
100000.1521
100000.1525
100000.1524
100000.1523
100000.1525
100000.1529
100000.1523
100000.1528
100000.1525
100000.1531
100000.1536
100000.1527
100000.1535
100000.1534
100000.1533
100000.1536
100000.1533
100000.1533
100000.1542
100000.1536
100000.1535
100000.1535
100000.1539
100000.1532
100000.1531
100000.1537
100000.1535
100000.1538
100000.1539
100000.1536
100000.1544
100000.1543
100000.1540
100000.1544
100000.1543
100000.1548
100000.1545
100000.1540
100000.1546
100000.1545
100000.1543
100000.1542
100000.1537
100000.1547
100000.1547
100000.1539
100000.1543
100000.1542
100000.1547
100000.1544
100000.1542
100000.1549
100000.1549
100000.1545
100000.1550
100000.1546
100000.1551
100000.1553
100000.1545
100000.1549
100000.1551
100000.1545
100000.1546
100000.1542
100000.1545
100000.1549
100000.1542
100000.1546
100000.1545
100000.1547
100000.1550
100000.1543
100000.1548
100000.1551
100000.1552
100000.1550
100000.1548
100000.1552
100000.1557
100000.1549
100000.1553
100000.1552
100000.1553
100000.1554
100000.1548
100000.1550
100000.1555
100000.1549
100000.1552
100000.1551
100000.1560
100000.1559
100000.1552
100000.1560
100000.1557
100000.1554
100000.1553
100000.1559
100000.1551
100000.1553
100000.1554
100000.1553
100000.1554
100000.1546
100000.1548
100000.1553
100000.1548
100000.1549
100000.1549
100000.1549
100000.1553
100000.1548
100000.1551
100000.1554
100000.1553
100000.1554
100000.1550
100000.1549
100000.1558
100000.1553
100000.1553
100000.1551
100000.1551
100000.1554
100000.1543
100000.1549
100000.1552
100000.1548
100000.1549
100000.1545
100000.1545
100000.1551
100000.1546
100000.1551
100000.1551
100000.1553
100000.1554
100000.1549
100000.1551
100000.1556
100000.1551
100000.1552
100000.1548
100000.1550
100000.1555
100000.1545
100000.1549
100000.1550
100000.1551
100000.1550
100000.1547
100000.1551
100000.1554
100000.1550
100000.1553
100000.1550
100000.1553
100000.1556
100000.1550
100000.1554
100000.1557
100000.1553
100000.1552
100000.1546
100000.1553
100000.1553
100000.1547
100000.1551
100000.1548
100000.1551
100000.1550
100000.1544
100000.1550
100000.1553
100000.1550
100000.1552
100000.1550
100000.1558
100000.1553
100000.1551
100000.1552
100000.1554
100000.1557
100000.1554
100000.1549
100000.1555
100000.1553
100000.1550
100000.1551
100000.1552
100000.1556
100000.1552
100000.1550
100000.1559
100000.1556
100000.1557
100000.1557
100000.1555
100000.1560
100000.1555
100000.1556
100000.1558
100000.1556
100000.1559
100000.1553
100000.1551
100000.1559
100000.1554
100000.1553
100000.1553
100000.1555
100000.1557
100000.1550
100000.1554
100000.1559
100000.1557
100000.1556
100000.1554
100000.1557
100000.1562
100000.1556
100000.1559
100000.1558
100000.1561
100000.1560
100000.1554
100000.1558
100000.1560
100000.1553
100000.1558
100000.1555
100000.1562
100000.1562
100000.1556
100000.1561
100000.1564
100000.1565
100000.1566
100000.1562
100000.1571
100000.1569
100000.1564
100000.1567
100000.1566
100000.1570
100000.1565
100000.1562
100000.1568
100000.1566
100000.1563
100000.1565
100000.1562
100000.1567
100000.1561
100000.1563
100000.1565
100000.1564
100000.1566
100000.1563
100000.1565
100000.1570
100000.1565
100000.1567
100000.1566
100000.1570
100000.1573
100000.1566
100000.1569
100000.1573
100000.1568
100000.1570
100000.1567
100000.1574
100000.1573
100000.1566
100000.1570
100000.1570
100000.1571
100000.1571
100000.1571
100000.1576
100000.1576
100000.1571
100000.1576
100000.1575
100000.1581
100000.1577
100000.1572
100000.1578
100000.1575
100000.1574
100000.1573
100000.1571
100000.1578
100000.1572
100000.1572
100000.1574
100000.1576
100000.1577
100000.1576
100000.1577
100000.1585
100000.1577
100000.1582
100000.1581
100000.1583
100000.1584
100000.1578
100000.1580
100000.1584
100000.1578
100000.1579
100000.1577
100000.1584
100000.1582
100000.1577
100000.1581
100000.1580
100000.1587
100000.1580
100000.1582
100000.1583
100000.1588
100000.1593
100000.1585
100000.1590
100000.1587
100000.1590
100000.1591
100000.1586
100000.1589
100000.1592
100000.1585
100000.1588
100000.1584
100000.1587
100000.1588
100000.1586
100000.1590
100000.1590
100000.1591
100000.1589
100000.1587
100000.1596
100000.1592
100000.1592
100000.1594
100000.1595
100000.1599
100000.1593
100000.1593
100000.1599
100000.1596
100000.1593
100000.1592
100000.1594
100000.1596
100000.1590
100000.1593
100000.1593
100000.1590
100000.1597
100000.1595
100000.1601
100000.1592
100000.1596
100000.1596
100000.1601
100000.1597
100000.1595
100000.1598
100000.1600
100000.1595
100000.1594
100000.1592
100000.1601
100000.1596
100000.1593
100000.1597
100000.1595
100000.1599
100000.1596
100000.1595
100000.1606
100000.1600
100000.1601
100000.1603
100000.1601
100000.1607
100000.1600
100000.1603
100000.1608
100000.1604
100000.1602
100000.1599
100000.1603
100000.1607
100000.1597
100000.1602
100000.1600
100000.1603
100000.1602
100000.1600
100000.1605
100000.1608
100000.1603
100000.1605
100000.1604
100000.1611
100000.1608
100000.1604
100000.1607
100000.1606
100000.1604
100000.1604
100000.1601
100000.1608
100000.1602
100000.1604
100000.1606
100000.1606
100000.1609
100000.1603
100000.1604
100000.1611
100000.1609
100000.1611
100000.1610
100000.1612
100000.1615
100000.1609
100000.1611
100000.1615
100000.1613
100000.1612
100000.1608
100000.1611
100000.1613
100000.1607
100000.1610
100000.1608
100000.1611
100000.1609
100000.1605
100000.1610
100000.1610
100000.1610
100000.1611
100000.1610
100000.1616
100000.1614
100000.1612
100000.1615
100000.1614
100000.1618
100000.1613
100000.1611
100000.1616
100000.1613
100000.1612
100000.1614
100000.1613
100000.1616
100000.1610
100000.1614
100000.1619
100000.1616
100000.1617
100000.1614
100000.1620
100000.1621
100000.1615
100000.1619
100000.1619
100000.1621
100000.1619
100000.1614
100000.1620
100000.1621
100000.1614
100000.1618
100000.1613
100000.1620
100000.1617
100000.1614
100000.1621
100000.1619
100000.1622
100000.1621
100000.1618
100000.1627
100000.1621
100000.1624
100000.1623
100000.1623
100000.1626
100000.1619
100000.1621
100000.1623
100000.1620
100000.1618
100000.1619
100000.1623
100000.1626
100000.1617
100000.1622
100000.1624
100000.1625
100000.1627
100000.1622
100000.1629
100000.1630
100000.1624
100000.1629
100000.1626
100000.1632
100000.1629
100000.1624
100000.1629
100000.1627
100000.1626
100000.1625
100000.1622
100000.1630
100000.1623
100000.1624
100000.1625
100000.1626
100000.1628
100000.1626
100000.1626
100000.1633
100000.1629
100000.1629
100000.1628
100000.1631
100000.1632
100000.1626
100000.1629
100000.1631
100000.1628
100000.1628
100000.1624
100000.1631
100000.1631
100000.1624
100000.1628
100000.1625
100000.1633
100000.1631
100000.1627
100000.1633
100000.1631
100000.1632
100000.1633
100000.1629
100000.1638
100000.1632
100000.1630
100000.1630
100000.1630
100000.1632
100000.1628
100000.1628
100000.1633
100000.1628
100000.1630
100000.1628
100000.1631
100000.1634
100000.1627
100000.1633
100000.1635
100000.1632
100000.1633
100000.1628
100000.1637
100000.1636
100000.1628
100000.1633
100000.1630
100000.1633
100000.1630
100000.1627
100000.1633
100000.1632
100000.1630
100000.1632
100000.1629
100000.1636
100000.1632
100000.1633
100000.1637
100000.1634
100000.1636
100000.1635
100000.1633
100000.1640
100000.1632
100000.1635
100000.1633
100000.1634
100000.1635
100000.1627
100000.1632
100000.1636
100000.1631
100000.1630
100000.1628
100000.1634
100000.1636
100000.1628
100000.1635
100000.1634
100000.1637
100000.1636
100000.1631
100000.1638
100000.1637
100000.1633
100000.1635
100000.1634
100000.1639
100000.1633
100000.1631
100000.1634
100000.1633
100000.1632
100000.1632
100000.1629
100000.1638
100000.1628
100000.1634
100000.1635
100000.1635
100000.1638
100000.1635
100000.1630
100000.1640
100000.1634
100000.1636
100000.1632
100000.1637
100000.1638
100000.1630
100000.1633
100000.1633
100000.1634
100000.1634
100000.1630
100000.1635
100000.1633
100000.1631
100000.1634
100000.1633
100000.1640
100000.1637
100000.1633
100000.1639
100000.1636
100000.1639
100000.1635
100000.1633
100000.1639
100000.1632
100000.1634
100000.1634
100000.1635
100000.1638
100000.1632
100000.1634
100000.1639
100000.1633
100000.1634
100000.1632
100000.1641
100000.1641
100000.1635
100000.1639
100000.1638
100000.1640
100000.1638
100000.1634
100000.1639
100000.1639
100000.1632
100000.1634
100000.1633
100000.1639
100000.1634
100000.1631
100000.1635
100000.1634
100000.1633
100000.1635
100000.1635
100000.1641
100000.1634
100000.1637
100000.1638
100000.1640
100000.1642
100000.1638
100000.1640
100000.1645
100000.1637
100000.1640
100000.1636
100000.1641
100000.1641
100000.1634
100000.1640
100000.1641
100000.1641
100000.1639
100000.1638
100000.1645
100000.1644
100000.1638
100000.1642
100000.1640
100000.1645
100000.1641
100000.1638
100000.1645
100000.1641
100000.1640
100000.1639
100000.1638
100000.1644
100000.1635
100000.1639
100000.1637
100000.1639
100000.1638
100000.1634
100000.1637
100000.1644
100000.1637


