9999979.05476
9999979.00157
9999978.96473
9999978.93858
9999978.90911
9999978.85443
9999978.82260
9999978.79227
9999978.74511
9999978.69180
9999978.66054
9999978.63245
9999978.58826
9999978.54813
9999978.50590
9999978.48197
9999978.43845
9999978.39669
9999978.36189
9999978.33240
9999978.29085
9999978.24486
9999978.21108
9999978.17842
9999978.13667
9999978.09071
9999978.05389
9999978.03134
9999977.98926
9999977.95183
9999977.91480
9999977.88665
9999977.85806
9999977.82016
9999977.78019
9999977.75651
9999977.72318
9999977.67904
9999977.64225
9999977.61450
9999977.58319
9999977.54862
9999977.51835
9999977.49971
9999977.47394
9999977.44683
9999977.42976
9999977.40658
9999977.38152
9999977.34300
9999977.31567
9999977.29602
9999977.28194
9999977.24147
9999977.20306
9999977.18907
9999977.15703
9999977.12049
9999977.09470
9999977.07543
9999977.02507
9999976.99899
9999976.97566
9999976.95184
9999976.90634
9999976.88020
9999976.84895
9999976.80955
9999976.78964
9999976.74658
9999976.70239
9999976.69549
9999976.67747
9999976.63813
9999976.61157
9999976.58337
9999976.56571
9999976.52812
9999976.50607
9999976.49072
9999976.46254
9999976.42559
9999976.41068
9999976.38964
9999976.36490
9999976.32653
9999976.30173
9999976.28458
9999976.25805
9999976.23065
9999976.21837
9999976.19695
9999976.16842
9999976.14647
9999976.12590
9999976.11079
9999976.08416
9999976.06721
9999976.03798
9999976.02969
9999975.99908
9999975.96935
9999975.96262
9999975.93279
9999975.91084
9999975.88756
9999975.87446
9999975.86169
9999975.84412
9999975.80857
9999975.78856
9999975.78965
9999975.75866
9999975.72944
9999975.71810
9999975.71351
9999975.67623
9999975.66179
9999975.62768
9999975.63340
9999975.61332
9999975.58061
9999975.55068
9999975.54887
9999975.52108
9999975.48425
9999975.45136
9999975.45034
9999975.43370
9999975.39297
9999975.38544
9999975.37448
9999975.34572
9999975.33783
9999975.31178
9999975.30748
9999975.28217
9999975.26168
9999975.25171
9999975.23308
9999975.21329
9999975.18890
9999975.17941
9999975.17877
9999975.16689
9999975.14617
9999975.11508
9999975.09896
9999975.10232
9999975.06886
9999975.05856
9999975.03688
9999975.04169
9999975.01834
9999975.00499
9999974.98503
9999974.96704
9999974.95026
9999974.93238
9999974.92399
9999974.90338
9999974.83567
9999974.88131
9999974.85921
9999974.84599
9999974.82680
9999974.81830
9999974.82468
9999974.81610
9999974.77842
9999974.76624
9999974.77562
9999974.75961
9999974.72477
9999974.71768
9999974.70548
9999974.70565
9999974.68278
9999974.65502
9999974.65135
9999974.63097
9999974.61423
9999974.58748
9999974.57908
9999974.57777
9999974.54653
9999974.51974
9999974.50358
9999974.51259
9999974.43180
9999974.47399
9999974.39808
9999974.44499
9999974.35333
9999974.38064
9999974.37583
9999974.37315
9999974.32861
9999974.31906
9999974.32354
9999974.31500
9999974.29142
9999974.28464
9999974.28219
9999974.26540
9999974.23571
9999974.22450
9999974.22406
9999974.22223
9999974.20271
9999974.19065
9999974.19561
9999974.18306
9999974.19236
9999974.17918
9999974.17298
9999974.17260
9999974.08838
9999974.13908
9999974.14019
9999974.12759
9999974.10979
9999974.09949
9999974.10782
9999974.09982
9999974.08077
9999974.07285
9999974.07481
9999974.05104
9999974.04763
9999974.03063
9999974.01191
9999973.99004
9999973.99591
9999973.97652
9999973.97821
9999973.97954
9999973.95408
9999973.94564
9999973.95640
9999973.93969
9999973.91821
9999973.90560
9999973.85575
9999973.88550
9999973.87617
9999973.85767
9999973.84461
9999973.82593
9999973.80699
9999973.80135
9999973.74817
9999973.80354
9999973.78423
9999973.72366
9999973.78797
9999973.76552
9999973.76254
9999973.74961
9999973.74478
9999973.73355
9999973.72541
9999973.66288
9999973.72406
9999973.70551
9999973.63876
9999973.69836
9999973.70391
9999973.67548
9999973.65754
9999973.60095
9999973.64796
9999973.63877
9999973.62028
9999973.56210
9999973.60528
9999973.60736
9999973.58344
9999973.51008
9999973.55508
9999973.55843
9999973.53085
9999973.53152
9999973.45671
9999973.49543
9999973.50086
9999973.49953
9999973.48241
9999973.41981
9999973.41075
9999973.40678
9999973.41465
9999973.45938
9999973.45548
9999973.39682
9999973.44635
9999973.45109
9999973.37980
9999973.44229
9999973.37689
9999973.42200
9999973.40526
9999973.40094
9999973.34601
9999973.38434
9999973.37786
9999973.31091
9999973.35324
9999973.36500
9999973.30084
9999973.35249
9999973.33755
9999973.27866
9999973.26233
9999973.29391
9999973.23569
9999973.22631
9999973.21211
9999973.26391
9999973.26410
9999973.25922
9999973.24258
9999973.18338
9999973.17431
9999973.21305
9999973.20401
9999973.20696
9999973.21594
9999973.14253
9999973.17215
9999973.11916
9999973.17362
9999973.16975
9999973.16029
9999973.09268
9999973.15161
9999973.13521
9999973.08364
9999973.14582
9999973.07842
9999973.07294
9999973.11988
9999973.11727
9999973.11673
9999973.09932
9999973.09484
9999973.03544
9999973.07749
9999973.06848
9999973.05727
9999973.04750
9999973.04995
9999972.99905
9999973.03905
9999973.04001
9999973.01939
9999972.95900
9999972.94936
9999973.00373
9999972.99783
9999973.01455
9999972.98336
9999972.93971
9999972.99476
9999972.97723
9999972.96379
9999972.96378
9999972.91905
9999972.96295
9999972.90306
9999972.95798
9999972.94206
9999972.87758
9999972.86377
9999972.90387
9999972.91169
9999972.85331
9999972.90810
9999972.89795
9999972.84422
9999972.83567
9999972.87610
9999972.87609
9999972.88599
9999972.88492
9999972.87364
9999972.87969
9999972.81738
9999972.86178
9999972.80621
9999972.85631
9999972.84834
9999972.84241
9999972.82758
9999972.78658
9999972.84544
9999972.83805
9999972.82319
9999972.80598
9999972.75693
9999972.79225
9999972.77169
9999972.75882
9999972.77435
9999972.76449
9999972.75096
9999972.69221
9999972.67952
9999972.67430
9999972.66717
9999972.70465
9999972.71128
9999972.65482
9999972.65598
9999972.70423
9999972.69982
9999972.64894
9999972.68836
9999972.65193
9999972.70516
9999972.64594
9999972.69484
9999972.64937
9999972.65059
9999972.70895
9999972.65380
9999972.66200
9999972.71997
9999972.70434
9999972.64299
9999972.64415
9999972.69423
9999972.64279
9999972.62528
9999972.61917
9999972.66569
9999972.67367
9999972.65732
9999972.66005
9999972.67764
9999972.66684
9999972.65930
9999972.61265
9999972.66362
9999972.66278
9999972.64335
9999972.64094
9999972.65141
9999972.59197
9999972.63448
9999972.63518
9999972.64178
9999972.63028
9999972.62094
9999972.57648
9999972.62979
9999972.62726
9999972.61311
9999972.59827
9999972.56382
9999972.61683
9999972.60650
9999972.56090
9999972.56107
9999972.60130
9999972.58939
9999972.54040
9999972.54024
9999972.53386
9999972.56907
9999972.51675
9999972.56533
9999972.56538
9999972.50315
9999972.49377
9999972.54484
9999972.49340
9999972.53468
9999972.53904
9999972.47432
9999972.51221
9999972.49125
9999972.44419
9999972.48593
9999972.43430
9999972.41666
9999972.45912
9999972.46257
9999972.46033
9999972.40199
9999972.44336
9999972.43934
9999972.38167
9999972.42586
9999972.38117
9999972.42502
9999972.37208
9999972.40759
9999972.35686
9999972.41239
9999972.39981
9999972.34225
9999972.33897
9999972.34786
9999972.34251
9999972.32480
9999972.37239
9999972.37170
9999972.31372
9999972.35180
9999972.31487
9999972.37048
9999972.37116
9999972.29985
9999972.35334
9999972.30497
9999972.35196
9999972.29073
9999972.29070
9999972.29610
9999972.35646
9999972.33260
9999972.33135
9999972.33004
9999972.34062
9999972.32311
9999972.26758
9999972.27700
9999972.32017
9999972.25023
9999972.25060
9999972.25533
9999972.29998
9999972.24541
9999972.28873
9999972.24830
9999972.29120
9999972.23143
9999972.22868
9999972.23607
9999972.27855
9999972.27169
9999972.22352
9999972.27929
9999972.22537
9999972.21074
9999972.25544
9999972.26517
9999972.25920
9999972.24890
9999972.24427
9999972.19258
9999972.24220
9999972.18294
9999972.22919
9999972.23217
9999972.16894
9999972.16271
9999972.20146
9999972.20849
9999972.20626
9999972.14369
9999972.18570
9999972.18876
9999972.13058
9999972.17579
9999972.11214
9999972.10811
9999972.15207
9999972.14552
9999972.09578
9999972.16088
9999972.16068
9999972.10815
9999972.14864
9999972.09925
9999972.10495
9999972.15357
9999972.10814
9999972.16877
9999972.11686
9999972.11301
9999972.15822
9999972.12175
9999972.16633
9999972.11246
9999972.14698
9999972.15560
9999972.16162
9999972.11495
9999972.11363
9999972.16658
9999972.12304
9999972.15995
9999972.15691
9999972.10948
9999972.16851
9999972.11164
9999972.10824
9999972.12676
9999972.12966
9999972.17454
9999972.11301
9999972.16403
9999972.11028
9999972.15099
9999972.11251
9999972.16347
9999972.11661
9999972.10808
9999972.11001
9999972.16112
9999972.09044
9999972.08441
9999972.12184
9999972.12247
9999972.06715
9999972.10666
9999972.05033
9999972.10623
9999972.10423
9999972.04888
9999972.06232
9999972.11684
9999972.10954
9999972.09858
9999972.05196
9999972.04613
9999972.03991
9999972.08199
9999972.07208
9999972.02234
9999972.01927
9999972.00349
9999971.99995
9999972.05582
9999972.06319
9999972.00210
9999972.04542
9999972.05780
9999972.01064
9999972.04421
9999971.98919
9999971.98984
9999971.98907
9999972.03963
9999971.98112
9999972.02608
9999972.02981
9999972.01689
9999971.96413
9999972.01211
9999972.01089
9999971.96531
9999972.01271
9999971.96758
9999971.97220
9999971.96277
9999972.00703
9999972.02806
9999971.98036
9999971.96486
9999971.96236
9999972.01354
9999971.95757
9999971.99345
9999971.98687
9999971.94036
9999971.98466
9999971.97472
9999971.96766
9999971.98613
9999971.98163
9999971.92154
9999971.91321
9999971.92304
9999971.94261
9999971.99457
9999971.95096
9999972.02683
9999971.96950
9999972.00573
9999971.95594
9999972.00794
9999971.95821
9999971.99794
9999971.94925
9999971.95990
9999972.01194
9999971.99777
9999971.94978
9999972.00825
9999971.96315
9999971.99247
9999971.93708
9999971.99060
9999971.98574
9999971.97206
9999971.91594
9999971.95749
9999971.90250
9999971.90309
9999971.94896
9999971.89775
9999971.93971
9999971.93181
9999971.93370
9999971.94521
9999971.94313
9999971.89220
9999971.95305
9999971.91428
9999971.91004
9999971.94472
9999971.88990
9999971.96045
9999971.95103
9999971.89122
9999971.89391
9999971.90828
9999971.91581
9999971.90007
9999971.90722
9999971.91038
9999971.90713
9999971.94180
9999971.93658
9999971.94871
9999971.94288
9999971.93375
9999971.87793
9999971.87646
9999971.87323
9999971.91549
9999971.91410
9999971.92116
9999971.85910
9999971.89975
9999971.85015
9999971.83861
9999971.88711
9999971.82052
9999971.87546
9999971.83294
9999971.87751
9999971.82155
9999971.83015
9999971.89281
9999971.89689
9999971.89406
9999971.84219
9999971.84756
9999971.90679
9999971.85276
9999971.85345
9999971.91808
9999971.87633
9999971.86845
9999971.92433
9999971.88232
9999971.88429
9999971.87304
9999971.90941
9999971.86005
9999971.91478
9999971.90795
9999971.86190
9999971.91294
9999971.90542
9999971.84742
9999971.89000
9999971.84939
9999971.84333
9999971.83583
9999971.88744
9999971.83582
9999971.88379
9999971.81445
9999971.80452
9999971.80989
9999971.80968
9999971.84090
9999971.82363
9999971.77434
9999971.81227
9999971.75428
9999971.80358
9999971.81561
9999971.75582
9999971.79915
9999971.73699
9999971.74264
9999971.78762
9999971.78265
9999971.73593
9999971.78932
9999971.78736
9999971.72318
9999971.71269
9999971.71340
9999971.75921
9999971.69804
9999971.75360
9999971.75812
9999971.69967
9999971.69745
9999971.74056
9999971.68651
9999971.73179
9999971.66597
9999971.67601
9999971.72551
9999971.67017
9999971.70729
9999971.65842
9999971.71077
9999971.65091
9999971.65934
9999971.66609
9999971.67654
9999971.66699
9999971.65859
9999971.64969
9999971.71895
9999971.65838
9999971.65919
9999971.65186
9999971.64816
9999971.69121
9999971.62431
9999971.66026
9999971.61570
9999971.65868
9999971.61097
9999971.64861
9999971.59625
9999971.59015
9999971.57955
9999971.62997
9999971.64611
9999971.63652
9999971.58147
9999971.58095
9999971.64765
9999971.59360
9999971.63323
9999971.57866
9999971.63527
9999971.57717
9999971.61329
9999971.57047
9999971.57354
9999971.56622
9999971.61215
9999971.55651
9999971.56521
9999971.62176
9999971.56373
9999971.60872
9999971.56919
9999971.62121
9999971.56139
9999971.61157
9999971.55093
9999971.55326
9999971.58334
9999971.52729
9999971.58257
9999971.58169
9999971.57556
9999971.57142
9999971.52190
9999971.52071
9999971.51908
9999971.52994
9999971.58858
9999971.59818
9999971.53747
9999971.52576
9999971.53082
9999971.57798
9999971.52275
9999971.52172
9999971.57455
9999971.57612
9999971.51547
9999971.56228
9999971.52578
9999971.52093
9999971.55980
9999971.55527
9999971.50281
9999971.50117
9999971.48457
9999971.53960
9999971.49542
9999971.53195
9999971.47072
9999971.52528
9999971.48133
9999971.47775
9999971.46283
9999971.51639
9999971.51731
9999971.50939
9999971.50648
9999971.45330
9999971.45503
9999971.45483
9999971.50134
9999971.45183
9999971.46002
9999971.51613
9999971.49651
9999971.50077
9999971.45475
9999971.44521
9999971.48610
9999971.44246
9999971.49716
9999971.43742
9999971.48331
9999971.44053
9999971.49389
9999971.44245
9999971.47968
9999971.43347
9999971.43375
9999971.47902
9999971.42130
9999971.41506
9999971.47671
9999971.47188
9999971.41274
9999971.45261
9999971.46458
9999971.41263
9999971.39836
9999971.40159
9999971.40254
9999971.45482
9999971.39971
9999971.45014
9999971.40878
9999971.40937
9999971.44441
9999971.43295
9999971.39391
9999971.39078
9999971.37622
9999971.41327
9999971.36542
9999971.36603
9999971.40327
9999971.34800
9999971.40590
9999971.35387
9999971.40689
9999971.39035
9999971.33394
9999971.32075
9999971.35724
9999971.30056
9999971.35962
9999971.35332
9999971.29075
9999971.34031
9999971.34360
9999971.34870
9999971.33476
9999971.27716
9999971.28310
9999971.28979
9999971.32666
9999971.32471
9999971.27057
9999971.27276
9999971.31955
9999971.26944
9999971.31921
9999971.31357
9999971.30701
9999971.30779
9999971.26471
9999971.25907
9999971.30524
9999971.30599
9999971.32530
9999971.28239
9999971.33335
9999971.33008
9999971.34000
9999971.28660
9999971.32871
9999971.26221
9999971.31517
9999971.30858
9999971.25518
9999971.24485

