9999995.1655
9999995.1586
9999995.1523
9999995.1361
9999995.1408
9999995.1425
9999995.1239
9999995.1454
9999995.1467
9999995.1342
9999995.1286
9999995.1260
9999995.1261
9999995.1279
9999995.1143
9999995.1099
9999995.1304
9999995.1302
9999995.1143
9999995.1027
9999995.1332
9999995.1216
9999995.1093
9999995.1151
9999995.1028
9999995.1221
9999995.1001
9999995.1018
9999995.1221
9999995.1237
9999995.0965
9999995.1140
9999995.1184
9999995.1200
9999995.1186
9999995.0962
9999995.1266
9999995.1283
9999995.1183
9999995.1235
9999995.1293
9999995.1253
9999995.1197
9999995.1060
9999995.1253
9999995.1174
9999995.0870
9999995.1061
9999995.0964
9999995.1182
9999995.1043
9999995.0943
9999995.1137
9999995.0934
9999995.0967
9999995.0846
9999995.1009
9999995.0962
9999995.1074
9999995.0930
9999995.0888
9999995.1011
9999995.0816
9999995.0831
9999995.0845
9999995.0884
9999995.0907
9999995.0790
9999995.0830
9999995.0755
9999995.0518
9999995.0656
9999995.0600
9999995.0817
9999995.0639
9999995.0599
9999995.0710
9999995.0733
9999995.0525
9999995.0477
9999995.0671
9999995.0622
9999995.0516
9999995.0565
9999995.0545
9999995.0610
9999995.0374
9999995.0307
9999995.0408
9999995.0334
9999995.0291
9999995.0436
9999995.0541
9999995.0397
9999995.0203
9999995.0197
9999995.0373
9999995.0229
9999995.0288
9999995.0109
9999995.0217
9999995.0303
9999995.0192
9999995.0214
9999995.0166
9999995.0267
9999995.0170
9999995.0214
9999995.0226
9999995.0207
9999995.0172
9999995.0036
9999995.0202
9999995.0160
9999995.0215
9999994.9990
9999995.0146
9999995.0005
9999995.0127
9999994.9922
9999994.9994
9999994.9966
9999994.9992
9999994.9796
9999994.9381
9999994.9873
9999994.9921
9999994.9810
9999994.9779
9999994.9707
9999994.9670
9999994.9662
9999994.9805
9999994.9305
9999994.9670
9999994.9802
9999994.9756
9999994.9888
9999994.9785
9999994.9709
9999994.9887
9999994.9757
9999994.9607
9999994.9173
9999994.9143
9999994.9593
9999994.9607
9999994.9629
9999994.9679
9999994.9655
9999994.9594
9999994.9697
9999994.9615
9999994.9120
9999994.9498
9999994.9511
9999994.8926
9999994.9460
9999994.9504
9999994.9569
9999994.9495
9999994.9419
9999994.9275
9999994.9218
9999994.9328
9999994.9324
9999994.9320
9999994.8709
9999994.9273
9999994.9265
9999994.9109
9999994.9143
9999994.8702
9999994.8799
9999994.9295
9999994.9258
9999994.9269
9999994.9420
9999994.8680
9999994.9251
9999994.9326
9999994.9252
9999994.9128
9999994.8641
9999994.9289
9999994.9371
9999994.9043
9999994.8585
9999994.8614
9999994.8607
9999994.9075
9999994.8490
9999994.9158
9999994.8515
9999994.8980
9999994.8998
9999994.9050
9999994.8986
9999994.8421
9999994.8970
9999994.8925
9999994.8885
9999994.8880
9999994.8875
9999994.8991
9999994.9096
9999994.8518
9999994.8948
9999994.8961
9999994.8927
9999994.8278
9999994.8857
9999994.8319
9999994.8785
9999994.8700
9999994.8803
9999994.8889
9999994.8413
9999994.8257
9999994.8709
9999994.8869
9999994.8334
9999994.8698
9999994.8681
9999994.8200
9999994.8688
9999994.8154
9999994.8561
9999994.8155
9999994.8654
9999994.8564
9999994.8126
9999994.8115
9999994.8560
9999994.8063
9999994.8531
9999994.8578
9999994.8609
9999994.8590
9999994.8687
9999994.8271
9999994.8193
9999994.8611
9999994.8119
9999994.8582
9999994.8135
9999994.8632
9999994.8468
9999994.8639
9999994.8172
9999994.8506
9999994.8767
9999994.8253
9999994.8816
9999994.8569
9999994.8554
9999994.8133
9999994.8161
9999994.8547
9999994.8433
9999994.7951
9999994.7954
9999994.8447
9999994.8009
9999994.8042
9999994.8512
9999994.8382
9999994.7848
9999994.8376
9999994.8395
9999994.8417
9999994.8409
9999994.8059
9999994.8088
9999994.8510
9999994.7997
9999994.8555
9999994.8493
9999994.7929
9999994.8355
9999994.8017
9999994.8502
9999994.8461
9999994.7974
9999994.7946
9999994.8465
9999994.8427
9999994.8430
9999994.8081
9999994.8092
9999994.8475
9999994.7918
9999994.8512
9999994.8445
9999994.8467
9999994.7969
9999994.8466
9999994.8646
9999994.7944
9999994.7926
9999994.8540
9999994.8570
9999994.8398
9999994.8468
9999994.8552
9999994.8521
9999994.7909
9999994.8377
9999994.8400
9999994.7983
9999994.8336
9999994.8300
9999994.8400
9999994.7855
9999994.8250
9999994.8308
9999994.8396
9999994.7923
9999994.8297
9999994.8315
9999994.7874
9999994.8386
9999994.8353
9999994.7851
9999994.8394
9999994.7857
9999994.7703
9999994.7725
9999994.8231
9999994.7662
9999994.8119
9999994.7529
9999994.8199
9999994.8188
9999994.7627
9999994.8084
9999994.7722
9999994.7660
9999994.7616
9999994.7637
9999994.7678
9999994.7685
9999994.7610
9999994.7962
9999994.8000
9999994.8001
9999994.7864
9999994.7343
9999994.7864
9999994.7263
9999994.7704
9999994.7705
9999994.7251
9999994.7210
9999994.7686
9999994.7743
9999994.7239
9999994.7305
9999994.7694
9999994.7674
9999994.7795
9999994.7755
9999994.7136
9999994.7126
9999994.7686
9999994.7235
9999994.7688
9999994.7773
9999994.7319
9999994.7354
9999994.7234
9999994.7222
9999994.7795
9999994.7159
9999994.7496
9999994.7005
9999994.7697
9999994.7737
9999994.7559
9999994.7662
9999994.7236
9999994.7788
9999994.7166
9999994.7187
9999994.7196
9999994.7754
9999994.7716
9999994.7217
9999994.7788
9999994.7836
9999994.7804
9999994.7259
9999994.7818
9999994.7220
9999994.7173
9999994.7622
9999994.7820
9999994.7391
9999994.7771
9999994.7697
9999994.7986
9999994.7900
9999994.7907
9999994.7379
9999994.7963
9999994.7897
9999994.7805
9999994.7794
9999994.7868
9999994.7871
9999994.7677
9999994.7860
9999994.7789
9999994.7277
9999994.7222
9999994.7845
9999994.7396
9999994.7360
9999994.7745
9999994.7186
9999994.7176
9999994.7610
9999994.7072
9999994.7563
9999994.7201
9999994.7710
9999994.7604
9999994.7599
9999994.7704
9999994.7189
9999994.7706
9999994.7719
9999994.7194
9999994.7693
9999994.7145
9999994.7598
9999994.7734
9999994.7664
9999994.7539
9999994.7003
9999994.7566
9999994.7083
9999994.7026
9999994.7089
9999994.7628
9999994.7601
9999994.7552
9999994.7518
9999994.7080
9999994.7141
9999994.6980
9999994.7667
9999994.7673
9999994.7714
9999994.7118
9999994.7129
9999994.7754
9999994.7212
9999994.7134
9999994.7171
9999994.7682
9999994.7692
9999994.7057
9999994.7546
9999994.7113
9999994.7075
9999994.7066
9999994.7087
9999994.7612
9999994.7012
9999994.7396
9999994.6952
9999994.7078
9999994.7020
9999994.6967
9999994.7437
9999994.7411
9999994.6951
9999994.7474
9999994.6956
9999994.7100
9999994.7557
9999994.7526
9999994.7448
9999994.7035
9999994.7522
9999994.6850
9999994.6930
9999994.6962
9999994.7502
9999994.6871
9999994.6859
9999994.6908
9999994.7358
9999994.6740
9999994.6767
9999994.6866
9999994.7437
9999994.6753
9999994.7286
9999994.6918
9999994.6953
9999994.6864
9999994.6902
9999994.7479
9999994.7460
9999994.6934
9999994.7009
9999994.7068
9999994.7666
9999994.6996
9999994.7515
9999994.7001
9999994.7092
9999994.7066
9999994.7070
9999994.7076
9999994.7545
9999994.6915
9999994.6928
9999994.7576
9999994.6928
9999994.7430
9999994.7412
9999994.6932
9999994.7538
9999994.6948
9999994.6971
9999994.7490
9999994.7439
9999994.6806
9999994.6844
9999994.7350
9999994.7375
9999994.6722
9999994.6746
9999994.7348
9999994.7327
9999994.7253
9999994.7268
9999994.7421
9999994.7300
9999994.6844
9999994.6936
9999994.7004
9999994.6973
9999994.6933
9999994.7396
9999994.6984
9999994.7553
9999994.6946
9999994.7455
9999994.7010
9999994.6987
9999994.6959
9999994.6890
9999994.6941
9999994.7453
9999994.6798
9999994.7291
9999994.6864
9999994.6950
9999994.7353
9999994.6806
9999994.7418
9999994.7386
9999994.6911
9999994.7369
9999994.7400
9999994.6911
9999994.7338
9999994.6877
9999994.6995
9999994.6969
9999994.6998
9999994.6946
9999994.7482
9999994.7385
9999994.7334
9999994.7373
9999994.7452
9999994.7388
9999994.6812
9999994.7214
9999994.6795
9999994.7303
9999994.6687
9999994.6712
9999994.7184
9999994.6715
9999994.6647
9999994.7172
9999994.6626
9999994.6696
9999994.7146
9999994.7076
9999994.7186
9999994.6687
9999994.7189
9999994.6680
9999994.6747
9999994.6744
9999994.7176
9999994.7122
9999994.7146
9999994.7197
9999994.6639
9999994.6631
9999994.6606
9999994.6664
9999994.6623
9999994.7117
9999994.7168
9999994.6729
9999994.6709
9999994.7199
9999994.6682
9999994.6750
9999994.6589
9999994.7080
9999994.6588
9999994.7142
9999994.6581
9999994.7152
9999994.6649
9999994.7211
9999994.6578
9999994.6676
9999994.6762
9999994.6733
9999994.7172
9999994.7081
9999994.6742
9999994.6716
9999994.6602
9999994.7155
9999994.7131
9999994.7098
9999994.6561
9999994.6562
9999994.7062
9999994.7100
9999994.7050
9999994.7103
9999994.6623
9999994.7255
9999994.7080
9999994.6633
9999994.6631
9999994.6572
9999994.6937
9999994.6467
9999994.7219
9999994.7025
9999994.6916
9999994.6379
9999994.6437
9999994.6377
9999994.6228
9999994.6251
9999994.6855
9999994.6414
9999994.6797
9999994.6370
9999994.6383
9999994.6376
9999994.6761
9999994.6674
9999994.6295
9999994.6284
9999994.6276
9999994.6307
9999994.6843
9999994.6348
9999994.6729
9999994.6762
9999994.6816
9999994.6345
9999994.6310
9999994.6324
9999994.6357
9999994.6815
9999994.6185
9999994.6118
9999994.6679
9999994.6137
9999994.5984
9999994.6061
9999994.6132
9999994.6176
9999994.6183
9999994.6192
9999994.6233
9999994.6258
9999994.6592
9999994.6570
9999994.6636
9999994.6127
9999994.6508
9999994.6114
9999994.6076
9999994.6226
9999994.6136
9999994.6029
9999994.6637
9999994.6022
9999994.5936
9999994.6489
9999994.6510
9999994.6516
9999994.6001
9999994.6016
9999994.6595
9999994.6117
9999994.5914
9999994.5986
9999994.6523
9999994.5992
9999994.5927
9999994.5921
9999994.6477
9999994.5952
9999994.5899
9999994.5965
9999994.6497
9999994.5976
9999994.5919
9999994.6388
9999994.6002
9999994.5935
9999994.5895
9999994.5926
9999994.5965
9999994.6001
9999994.5897
9999994.6406
9999994.6421
9999994.5952
9999994.5879
9999994.6375
9999994.5885
9999994.6457
9999994.6303
9999994.5846
9999994.6398
9999994.5893
9999994.6358
9999994.5846
9999994.6474
9999994.6359
9999994.5818
9999994.5770
9999994.6287
9999994.5827
9999994.5745
9999994.6228
9999994.5768
9999994.5783
9999994.6213
9999994.5663
9999994.5779
9999994.6349
9999994.5805
9999994.6297
9999994.5833
9999994.5817
9999994.5691
9999994.5676
9999994.5749
9999994.6178
9999994.6086
9999994.6158
9999994.5676
9999994.5717
9999994.5696
9999994.5808
9999994.6366
9999994.5741
9999994.5537
9999994.6001
9999994.5564
9999994.5522
9999994.5500
9999994.5970
9999994.6053
9999994.5548
9999994.5458
9999994.5972
9999994.6044
9999994.6033
9999994.5505
9999994.6025
9999994.6060
9999994.5559
9999994.5967
9999994.5905
9999994.5435
9999994.5449
9999994.5863
9999994.5967
9999994.5503
9999994.5521
9999994.5393
9999994.5909
9999994.5992
9999994.5994
9999994.5438
9999994.5855
9999994.5364
9999994.5873
9999994.5743
9999994.5186
9999994.5247
9999994.5778
9999994.5675
9999994.5217
9999994.5207
9999994.5239
9999994.5645
9999994.5156
9999994.5242
9999994.5138
9999994.5606
9999994.5100
9999994.5681
9999994.5614
9999994.5537
9999994.5581
9999994.5646
9999994.5170
9999994.5095
9999994.5626
9999994.5713
9999994.5159
9999994.5088
9999994.5548
9999994.5082
9999994.5128
9999994.5562
9999994.5124
9999994.5180
9999994.5176
9999994.5555
9999994.5083
9999994.5606
9999994.5567
9999994.4927
9999994.5339
9999994.4785
9999994.4727
9999994.5165
9999994.4746
9999994.4817
9999994.5342
9999994.5282
9999994.5399
9999994.4993
9999994.5012
9999994.5482
9999994.5011
9999994.4983
9999994.5545
9999994.5012
9999994.4990
9999994.5096
9999994.5619
9999994.5540
9999994.5114
9999994.5054
9999994.5576
9999994.5039
9999994.5034
9999994.4983
9999994.4978
9999994.5381
9999994.4935
9999994.5544
9999994.5578
9999994.5001
9999994.5035
9999994.5602
9999994.4997
9999994.4946
9999994.5410
9999994.4965
9999994.5505
9999994.5390
9999994.4829
9999994.4854
9999994.5223
9999994.5072
9999994.5059
9999994.4709
9999994.4724
9999994.4645
9999994.5067
9999994.4675
9999994.4654
9999994.4615
9999994.5097
9999994.5278
9999994.4757
9999994.5228
9999994.5211
9999994.4703
9999994.4754
9999994.5181
9999994.4759
9999994.5282
9999994.4748
9999994.4605
9999994.5152
9999994.4708
9999994.4814
9999994.4817
9999994.4850
9999994.4950
9999994.5411
9999994.5250
9999994.5276
9999994.4858
9999994.5306
9999994.5183
9999994.4610
9999994.4675
9999994.5262
9999994.4558
9999994.5041
9999994.4741
9999994.4762
9999994.5155
9999994.4684
9999994.4788
9999994.4834
9999994.4797
9999994.5282
9999994.4863
9999994.4882
9999994.4789
9999994.5292
9999994.4820
9999994.4832
9999994.5288
9999994.4886
9999994.5448
9999994.4854
9999994.5328
9999994.4807
9999994.5418
9999994.4888
9999994.4859
9999994.4802
9999994.4771
9999994.4663
9999994.5160
9999994.4658
9999994.4733
9999994.5284
9999994.4801
9999994.5296
9999994.4893
9999994.5377
9999994.5258
9999994.4782
9999994.4792
9999994.5286
9999994.4747
9999994.4658
9999994.4718
9999994.4688
9999994.4682
9999994.4689
9999994.4707
9999994.5161
9999994.4609
9999994.5146
9999994.5242
9999994.4734
9999994.4673
9999994.4762
9999994.5379
9999994.4922
9999994.4890
9999994.5418
9999994.4963
9999994.4979
9999994.4922
9999994.4903
9999994.4919
9999994.4961
9999994.5344
9999994.5442
9999994.4857
9999994.5442
9999994.5311
9999994.5235
9999994.4854
9999994.4839
9999994.4856
9999994.5368
9999994.4942
9999994.4885
9999994.5259
9999994.4733
9999994.5214
9999994.4674
9999994.4696
9999994.5243
9999994.4824
9999994.4894
9999994.5316
9999994.5388
9999994.5003
9999994.5436
9999994.4836
9999994.4781
9999994.4766
9999994.4866
9999994.5328
9999994.5400
9999994.5439
9999994.5356
9999994.5263
9999994.4830
9999994.4977
9999994.5437
9999994.5424
9999994.4908
9999994.4926
9999994.4881
9999994.4790
9999994.4804
9999994.4889
9999994.5387
9999994.4795
9999994.4795
9999994.5310
9999994.4798
9999994.4730
9999994.4705
9999994.5210
9999994.4674
9999994.5077
9999994.4639
9999994.4745
9999994.5284
9999994.4783
9999994.5304
9999994.5382
9999994.4871
9999994.4785
9999994.4836
9999994.4929
9999994.5425
9999994.5374
9999994.4880
9999994.4965
9999994.4992
9999994.4950
9999994.5058
9999994.5174
9999994.5591
9999994.5100
9999994.5548
9999994.5037
9999994.5483
9999994.4987
9999994.5496
9999994.5587
9999994.5112
9999994.5478
9999994.4990
9999994.5615
9999994.5106
9999994.5071
9999994.5590
9999994.5121
9999994.5118
9999994.5504
9999994.5083
9999994.5165
9999994.5128
9999994.5510
9999994.5530
9999994.5630
9999994.5164
9999994.5062
9999994.5119
9999994.5185
9999994.5703
9999994.5636
9999994.5670
9999994.5197
9999994.5668
9999994.5132
9999994.5088
9999994.5263
9999994.5172
9999994.5517
9999994.4965
9999994.5579
9999994.5611
9999994.5538
9999994.5073
9999994.5189
9999994.5702
9999994.5572
9999994.5614
9999994.5106
9999994.5681
9999994.5227
9999994.5198
9999994.5752
9999994.5282
9999994.5741
9999994.5695
9999994.5289
9999994.5369
9999994.5316
9999994.5206
9999994.5851
9999994.5811
9999994.5732
9999994.5240
9999994.5820
9999994.5337
9999994.5715
9999994.5651
9999994.5268
9999994.5317
9999994.5323
9999994.5339
9999994.5419
9999994.5395
9999994.5358
9999994.5861
9999994.5924
9999994.5366
9999994.5740
9999994.5153
9999994.5192
9999994.5185
9999994.5161
9999994.5614
9999994.5202
9999994.5179
9999994.5599
9999994.5679
9999994.5286
9999994.5861
9999994.5708
9999994.5208
9999994.5291
9999994.5302
9999994.5227
9999994.5726
9999994.5297
9999994.5354
9999994.5253
9999994.5716
9999994.5254
9999994.5278
9999994.5704
9999994.5259
9999994.5292
9999994.5727
9999994.5226
9999994.5216
9999994.5248
9999994.5793
9999994.5205
9999994.5213
9999994.5233
9999994.5787
9999994.5210
9999994.5346
9999994.5416
9999994.5931
9999994.5478
9999994.5453
9999994.5988
9999994.5448
9999994.5357
9999994.5403
9999994.5494
9999994.5515
9999994.5943
9999994.5478
9999994.6032
9999994.5556
9999994.5416
9999994.5360
9999994.5407
9999994.5924
9999994.5470
9999994.5999
9999994.6143
9999994.6069
9999994.5584
9999994.5567
9999994.6158
9999994.6181
9999994.5681
9999994.6165
9999994.5742
9999994.5700
9999994.5715
9999994.5631
9999994.5731
9999994.6310
9999994.6266
9999994.6376
9999994.5932
9999994.5880
9999994.6360
9999994.6323
9999994.6349
9999994.6362
9999994.5763
9999994.5827
9999994.6369
9999994.5852
9999994.5769
9999994.5751
9999994.5764
9999994.5805
9999994.5803
9999994.5905
9999994.5898
9999994.5878
9999994.5830
9999994.6323
9999994.5858
9999994.5842
9999994.5784
9999994.6327
9999994.5901
9999994.5876
9999994.5852
9999994.5848
9999994.5854
9999994.5853
9999994.6297
9999994.6302
9999994.5949
9999994.5960
9999994.5879
9999994.6387
9999994.5977
9999994.5946
9999994.5963
9999994.5990
9999994.5969
9999994.5894
9999994.5864
9999994.5883
9999994.6413
9999994.6416
9999994.5868
9999994.5924
9999994.5988
9999994.6523
9999994.6015
9999994.6020
9999994.6105
9999994.6568
9999994.6019
9999994.6035
9999994.6052
9999994.6584
9999994.6001
9999994.5987
9999994.6607
9999994.6034
9999994.6417
9999994.6316
9999994.5899
9999994.5966
9999994.6323
9999994.6332
9999994.5865
9999994.6439
9999994.5910
9999994.5884
9999994.5957
9999994.5972
9999994.5911
9999994.5941
9999994.6047
9999994.6015
9999994.5918
9999994.6363
9999994.5958
9999994.6440
9999994.5818
9999994.5750
9999994.6403
9999994.6438
9999994.5873
9999994.6269
9999994.5833
9999994.5831
9999994.5785
9999994.6247
9999994.5879
9999994.5885
9999994.6291
9999994.5760
9999994.5770
9999994.5725
9999994.5719
9999994.5757
9999994.6425
9999994.5912
9999994.5772
9999994.5797
9999994.6436
9999994.5970
9999994.6377
9999994.6394
9999994.6030
9999994.6011
9999994.5912
9999994.5855
9999994.5970
9999994.5896
9999994.6342
9999994.5900
9999994.6510
9999994.6037
9999994.6467
9999994.5934
9999994.6515
9999994.5979
9999994.6415
9999994.5825
9999994.5937
9999994.5929
9999994.5955
9999994.5946
9999994.5960
9999994.5933
9999994.5855
9999994.6328
9999994.5887
9999994.5857
9999994.5844
9999994.5889
9999994.6546
9999994.6508
9999994.5888
9999994.6284
9999994.6298
9999994.5783
9999994.5770
9999994.5833
9999994.6387
9999994.5924
9999994.5796
9999994.5827
9999994.6376
9999994.5885
9999994.5823
9999994.6258
9999994.5806
9999994.6390
9999994.5816
9999994.5767
9999994.5766
9999994.6370
9999994.5888
9999994.5887
9999994.6455
9999994.5923
9999994.6292
9999994.5819
9999994.5900
9999994.5908
9999994.5817
9999994.5805
9999994.6438
9999994.5911
9999994.5836
9999994.5854
9999994.5896
9999994.6386
9999994.6268
9999994.6218
9999994.5773
9999994.5767
9999994.5724
9999994.5713
9999994.5792
9999994.5794
9999994.5747
9999994.5748
9999994.5876
9999994.6406
9999994.5785
9999994.6195
9999994.5688
9999994.6162
9999994.5562
9999994.6002
9999994.5545
9999994.6078
9999994.6010
9999994.5577
9999994.5625
9999994.6159
9999994.6001
9999994.5550
9999994.5644
9999994.6176
9999994.5652
9999994.5641
9999994.5760
9999994.6218
9999994.6079
9999994.6098
9999994.5645
9999994.5579
9999994.6015
9999994.5542
9999994.6047
9999994.5565
9999994.6009
9999994.6058
9999994.5592
9999994.5576
9999994.6006
9999994.5480
9999994.5485
9999994.5946
9999994.5425
9999994.5400
9999994.6052
9999994.5471
9999994.5406
9999994.5441
9999994.5490
9999994.5488
9999994.5358
9999994.5328
9999994.5889
9999994.5436
9999994.5317
9999994.5289
9999994.5877
9999994.5368
9999994.5384
9999994.5409
9999994.5540
9999994.6090
9999994.5530
9999994.5450
9999994.5433
9999994.5368
9999994.5810
9999994.5327
9999994.5895
9999994.5955
9999994.5407
9999994.5905
9999994.5473
9999994.5402
9999994.5356
9999994.5377
9999994.5904
9999994.5365
9999994.5285
9999994.5203
9999994.5206
9999994.5217
9999994.5160
9999994.5180
9999994.5643
9999994.5098
9999994.4994
9999994.4985
9999994.5533
9999994.4957
9999994.5385
9999994.4914
9999994.4899
9999994.4911
9999994.5359
9999994.5409
9999994.5562
9999994.5012
9999994.4943
9999994.5004
9999994.5076
9999994.5572
9999994.4987
9999994.5001
9999994.5052
9999994.5443
9999994.4853
9999994.5266
9999994.4788
9999994.4721
9999994.4692
9999994.4738
9999994.5276
9999994.4848
9999994.5304
9999994.4853
9999994.4937
9999994.4906
9999994.4887
9999994.5414
9999994.4928
9999994.4955
9999994.4858
9999994.4845
9999994.5357
9999994.5344
9999994.5210
9999994.5212
9999994.4829
9999994.4968
9999994.4931
9999994.5563
9999994.5163
9999994.5634
9999994.5019
9999994.4992
9999994.5062
9999994.5059
9999994.5004
9999994.4991
9999994.4994
9999994.5439
9999994.4873
9999994.4901
9999994.4898
9999994.4922
9999994.5323
9999994.4800
9999994.5398
9999994.4865
9999994.5288
9999994.4823
9999994.4853
9999994.4816
9999994.4824
9999994.4858
9999994.4943
9999994.4879
9999994.4791
9999994.4696
9999994.4805
9999994.5405
9999994.4900
9999994.4982
9999994.5588
9999994.5080
9999994.5041
9999994.4899
9999994.5467
9999994.4950
9999994.4896
9999994.4978
9999994.5036
9999994.5550
9999994.4991
9999994.4954
9999994.5558
9999994.5098
9999994.5039
9999994.5059
9999994.5600
9999994.5566
9999994.5420
9999994.5358
9999994.5002
9999994.5003
9999994.5016
9999994.5469
9999994.5065
9999994.5089
9999994.5039
9999994.5074
9999994.5035
9999994.5010
9999994.5355
9999994.4889
9999994.4962
9999994.4980
9999994.4906
9999994.4916
9999994.5448
9999994.4957
9999994.4931
9999994.5395
9999994.4920
9999994.4963
9999994.4914
9999994.4886
9999994.5026
9999994.5069
9999994.5083
9999994.5069
9999994.5181
9999994.5046
9999994.5015
9999994.4988
9999994.5595
9999994.5095
9999994.5003
9999994.5516
9999994.5096
9999994.5115
9999994.5438
9999994.5005
9999994.5090
9999994.5101
9999994.5007
9999994.5059
9999994.5041
9999994.5016
9999994.4911
9999994.5375
9999994.4993
9999994.5611
9999994.5539
9999994.5072
9999994.5048
9999994.5077
9999994.5101
9999994.5039
9999994.5106
9999994.5106
9999994.4986
9999994.4950
9999994.5004
9999994.5531
9999994.4899
9999994.4959
9999994.4975
9999994.4959
9999994.4946
9999994.5394
9999994.5443
9999994.5491
9999994.4940
9999994.5026
9999994.5647
9999994.5089
9999994.5070
9999994.5527
9999994.5539
9999994.5012
9999994.4909
9999994.4902
9999994.5458
9999994.4937
9999994.4951
9999994.4992
9999994.5043
9999994.5129
9999994.5092
9999994.5600
9999994.5728
9999994.5137
9999994.5028
9999994.5104
9999994.5125
9999994.5102
9999994.4942
9999994.4955
9999994.5058
9999994.5132
9999994.5098
9999994.5235
9999994.5775
9999994.5759
9999994.5151
9999994.5116
9999994.5086
9999994.5151
9999994.5555
9999994.5083
9999994.5218
9999994.5629
9999994.5641
9999994.5603
9999994.5736
9999994.5717
9999994.5035
9999994.5143
9999994.5669
9999994.5172
9999994.4999
9999994.5481
9999994.5005
9999994.5057
9999994.5000
9999994.5057
9999994.5665
9999994.5691
9999994.5147
9999994.5591
9999994.5275
9999994.5251
9999994.5658
9999994.5200
9999994.5748
9999994.5735
9999994.5191
9999994.5144
9999994.5217
9999994.5238
9999994.5218
9999994.5203
9999994.5849
9999994.5827
9999994.5671
9999994.5142
9999994.5171
9999994.5224
9999994.5277
9999994.5272
9999994.5296
9999994.5264
9999994.5198
9999994.5174
9999994.5192
9999994.5219
9999994.5231
9999994.5222
9999994.5205
9999994.5218
9999994.5149
9999994.5235
9999994.5333
9999994.5372
9999994.5755
9999994.5287
9999994.5804
9999994.5275
9999994.5239
9999994.5303
9999994.5373
9999994.5352
9999994.5318
9999994.5325
9999994.5328
9999994.5289
9999994.5276
9999994.5301
9999994.5866
9999994.5414
9999994.5309
9999994.5342
9999994.5346
9999994.5383
9999994.5373
9999994.5293
9999994.5323
9999994.5329
9999994.5778
9999994.5243
9999994.5876
9999994.5348
9999994.5198
9999994.5211
9999994.5248
9999994.5820
9999994.5299
9999994.5818
9999994.5371
9999994.5370
9999994.5849
9999994.5355
9999994.5396
9999994.5399
9999994.5327
9999994.5323
9999994.5354
9999994.5351
9999994.5277
9999994.5733
9999994.5348
9999994.5384
9999994.5405
9999994.5349
9999994.5416
9999994.5864
9999994.5319
9999994.5792
9999994.5371
9999994.5895
9999994.5895
9999994.5451
9999994.5487
9999994.5548
9999994.5988
9999994.5588
9999994.6136
9999994.5591
9999994.6047
9999994.5621
9999994.5588
9999994.5622
9999994.6005
9999994.5588
9999994.5590
9999994.5694
9999994.5600
9999994.6049
9999994.5686
9999994.5708
9999994.6155
9999994.6154
9999994.5738
9999994.6252
9999994.5670
9999994.5781
9999994.5822
9999994.5865
9999994.5753
9999994.5727
9999994.5806
9999994.5854
9999994.5816
9999994.5747
9999994.5718
9999994.5730
9999994.5688
9999994.5724
9999994.5625
9999994.5584
9999994.5512
9999994.5935
9999994.5614
9999994.5591
9999994.5596
9999994.5654
9999994.5707
9999994.5745
9999994.6156
9999994.5605
9999994.5783
9999994.5772
9999994.5613
9999994.5608
9999994.5769
9999994.6291
9999994.5760
9999994.5767
9999994.5880
9999994.5918
9999994.5813
9999994.5831
9999994.6419
9999994.5967
9999994.5937
9999994.5861
9999994.5972
9999994.5897
9999994.6321
9999994.6248
9999994.6342
9999994.5780
9999994.5678
9999994.6158
9999994.6289
9999994.5809
9999994.5834
9999994.5817
9999994.6337
9999994.5755
9999994.5684
9999994.5770
9999994.5757
9999994.6341
9999994.5839
9999994.5856
9999994.5883
9999994.5878
9999994.5803
9999994.5794
9999994.6339
9999994.5864
9999994.5844
9999994.5812
9999994.5794
9999994.5794
9999994.5737
9999994.5739
9999994.5840
9999994.5879
9999994.5799
9999994.5823
9999994.5872
9999994.5812
9999994.5735
9999994.5710
9999994.5771
9999994.5843
9999994.6322
9999994.5800
9999994.5913
9999994.5865
9999994.5843
9999994.5851
9999994.6373
9999994.5923
9999994.5883
9999994.6349
9999994.6455
9999994.5892
9999994.5837
9999994.5772
9999994.5815
9999994.5885
9999994.5903
9999994.5917
9999994.5940
9999994.5971
9999994.6385
9999994.5907
9999994.5954
9999994.6453
9999994.5834
9999994.5798
9999994.5848
9999994.5849
9999994.6285
9999994.5802
9999994.6329
9999994.5792
9999994.6205
9999994.5805
9999994.6337
9999994.5731
9999994.5615
9999994.5630
9999994.5747
9999994.5741
9999994.6216
9999994.5714
9999994.5759
9999994.5743
9999994.6078
9999994.6057
9999994.5628
9999994.5643
9999994.5604
9999994.6115
9999994.6184
9999994.5718
9999994.5567
9999994.5624
9999994.5665
9999994.6248
9999994.6182
9999994.6119
9999994.6170
9999994.5721
9999994.5590
9999994.5616
9999994.5585
9999994.6070
9999994.5911
9999994.5384
9999994.5455
9999994.5439
9999994.5449
9999994.5958
9999994.5533
9999994.5527
9999994.5989
9999994.6039
9999994.5602
9999994.5583
9999994.6020
9999994.5550
9999994.5556
9999994.5545
9999994.5460
9999994.5434
9999994.5469
9999994.5452
9999994.5814
9999994.5367
9999994.5452
9999994.5979
9999994.5421
9999994.5301
9999994.5361
9999994.5305
9999994.5287
9999994.5821
9999994.5932
9999994.5413
9999994.5779
9999994.5340
9999994.5429
9999994.5508
9999994.6017
9999994.5483
9999994.5574
9999994.5547
9999994.5486
9999994.5486
9999994.6024
9999994.5474
9999994.5340
9999994.5376
9999994.5461
9999994.5846
9999994.5777
9999994.5204
9999994.5306
9999994.5852
9999994.5776
9999994.5297
9999994.5358
9999994.5314
9999994.5213
9999994.5171
9999994.5669
9999994.5338
9999994.5339
9999994.5871
9999994.5348
9999994.5365
9999994.5729
9999994.5212
9999994.5206
9999994.5304
9999994.5202
9999994.5098
9999994.5192
9999994.5170
9999994.5074
9999994.5604
9999994.5186
9999994.5692
9999994.5223
9999994.5170
9999994.5245
9999994.5217
9999994.5113
9999994.5585
9999994.5256
9999994.5741
9999994.5114
9999994.5046
9999994.5122
9999994.5079
9999994.5152
9999994.5603
9999994.5227
9999994.5245
9999994.5612
9999994.5519
9999994.5079
9999994.5054
9999994.5034
9999994.5020
9999994.5085
9999994.5073
9999994.4976
9999994.5020
9999994.5038
9999994.5611
9999994.5468
9999994.5062
9999994.5073
9999994.5084
9999994.5582
9999994.5573
9999994.5115
9999994.5545
9999994.5044
9999994.5051
9999994.5135
9999994.5039
9999994.5096
9999994.5585
9999994.5176
9999994.5102
9999994.5087
9999994.5666
9999994.5707
9999994.5660
9999994.5073
9999994.5063
9999994.5670
9999994.5175
9999994.5116
9999994.5126
9999994.5215
9999994.5149
9999994.5052
9999994.5091
9999994.5683
9999994.5203
9999994.5105
9999994.5042
9999994.5595
9999994.5104
9999994.5017
9999994.4963
9999994.5096
9999994.5727
9999994.5208
9999994.5776
9999994.5239
9999994.5752
9999994.5123
9999994.5054
9999994.5600
9999994.5132
9999994.5036
9999994.5130
9999994.5217
9999994.5175
9999994.5109
9999994.5106
9999994.5580
9999994.5573
9999994.4932
9999994.4959
9999994.5087
9999994.5082
9999994.5076
9999994.5095
9999994.5183
9999994.5681
9999994.5611
9999994.5129
9999994.5209
9999994.5719
9999994.5113
9999994.5010
9999994.5183
9999994.5124
9999994.5590
9999994.5626
9999994.5193
9999994.5179
9999994.5002
9999994.5045
9999994.5080
9999994.5126
9999994.5051
9999994.5604
9999994.5208
9999994.5199
9999994.5615
9999994.5119
9999994.5095
9999994.5700
9999994.5559
9999994.5595
9999994.5152
9999994.5135
9999994.5083
9999994.5138
9999994.5593
9999994.5067
9999994.4884
9999994.5336
9999994.4949
9999994.4924
9999994.4833
9999994.4805
9999994.4871
9999994.4841
9999994.4782
9999994.5289
9999994.5375
9999994.5378
9999994.5353
9999994.4854
9999994.4934
9999994.4912
9999994.4876
9999994.4844
9999994.4852
9999994.5434
9999994.4856
9999994.5369
9999994.4949
9999994.5483
9999994.5460
9999994.5470
9999994.5442
9999994.4890
9999994.4892
9999994.4853
9999994.4944
9999994.5466
9999994.4938
9999994.4935
9999994.4966
9999994.4955
9999994.4833
9999994.4827
9999994.5339
9999994.4839
9999994.4633
9999994.4556
9999994.4604
9999994.4522
9999994.4475
9999994.4965
9999994.4544
9999994.4471
9999994.4865
9999994.4395
9999994.4454
9999994.4501
9999994.4446
9999994.4424
9999994.4983
9999994.4468
9999994.4872
9999994.4432
9999994.4498
9999994.4523
9999994.4536
9999994.4633
9999994.4740
9999994.4685
9999994.4708
9999994.4611
9999994.4617
9999994.4653
9999994.4610
9999994.5124
9999994.4652
9999994.5143
9999994.4660
9999994.4700
9999994.5300
9999994.4769
9999994.5186
9999994.4750
9999994.5261
9999994.4712
9999994.5037
9999994.4554
9999994.4622
9999994.4615
9999994.4559
9999994.5177
9999994.5246
9999994.4825
9999994.4815
9999994.5336
9999994.4963
9999994.4981
9999994.4913
9999994.4762
9999994.5285
9999994.5302
9999994.5229
9999994.4789
9999994.4888
9999994.4875
9999994.4730
9999994.4689
9999994.5319
9999994.4763
9999994.5168
9999994.4701
9999994.4704
9999994.4774
9999994.4643
9999994.4745
9999994.4806
9999994.4947
9999994.4930
9999994.5437
9999994.5023
9999994.5013
9999994.4914
9999994.4904
9999994.4976
9999994.5042
9999994.4979
9999994.5014
9999994.4918
9999994.4888
9999994.4925
9999994.5394
9999994.5516
9999994.4978
9999994.5448
9999994.4920
9999994.5502
9999994.4993
9999994.4921
9999994.4936
9999994.5061
9999994.5624
9999994.5043
9999994.5070
9999994.5106
9999994.5669
9999994.5155
9999994.5545
9999994.5171
9999994.5633
9999994.5054
9999994.5021
9999994.5055
9999994.5085
9999994.5015
9999994.5042
9999994.5071
9999994.5515
9999994.5000
9999994.5527
9999994.5098
9999994.5119
9999994.5016
9999994.5046
9999994.5103
9999994.5055
9999994.5522
9999994.5450
9999994.5012
9999994.4973
9999994.5030
9999994.5608
9999994.5187
9999994.5625
9999994.5549
9999994.5114
9999994.5075
9999994.5688
9999994.5111
9999994.5019
9999994.5668
9999994.5721
9999994.5150
9999994.5710
9999994.5231
9999994.5767
9999994.5728
9999994.5203
9999994.5809
9999994.5324
9999994.5302
9999994.5779
9999994.5387
9999994.5413
9999994.5271
9999994.5353
9999994.5397
9999994.5296
9999994.5200
9999994.5145
9999994.5207
9999994.5836
9999994.5343
9999994.5782
9999994.5365
9999994.5964
9999994.5421
9999994.5319
9999994.5883
9999994.5865
9999994.5263
9999994.5229
9999994.5308
9999994.5301
9999994.5701
9999994.5223
9999994.5304
9999994.5340
9999994.5312
9999994.5192
9999994.5248
9999994.5786
9999994.5206
9999994.5291
9999994.5340
9999994.5347
9999994.5228
9999994.5663
9999994.5177
9999994.5120
9999994.5537
9999994.5087
9999994.5217
9999994.5172
9999994.5122
9999994.5179
9999994.5285
9999994.5303
9999994.5205
9999994.5204
9999994.5813
9999994.5805
9999994.5275
9999994.5222
9999994.5240
9999994.5265
9999994.5235
9999994.5727
9999994.5285
9999994.5303
9999994.5285
9999994.5273
9999994.5328
9999994.5360
9999994.5349
9999994.5405
9999994.5936
9999994.5464
9999994.5374
9999994.5337
9999994.5423
9999994.5354
9999994.5284
9999994.5332
9999994.5322
9999994.5372
9999994.5290
9999994.5392
9999994.5947
9999994.5482
9999994.5358
9999994.5898
9999994.5442
9999994.5964
9999994.5410
9999994.5400
9999994.5432
9999994.5910
9999994.5431
9999994.5353
9999994.5517
9999994.5524
9999994.5893
9999994.5967
9999994.5489
9999994.6022
9999994.5465
9999994.5482
9999994.5580
9999994.5543
9999994.5533
9999994.5510
9999994.5544
9999994.5576
9999994.5555
9999994.5532
9999994.5567
9999994.5601
9999994.5671
9999994.5639
9999994.5768
9999994.5711
9999994.6078
9999994.5690
9999994.5687
9999994.5689
9999994.6051
9999994.5476
9999994.5540
9999994.5578
9999994.6054
9999994.5633
9999994.5662
9999994.5721
9999994.5622
9999994.5673
9999994.5732
9999994.6243
9999994.6228
9999994.5695
9999994.5752
9999994.5627
9999994.5607
9999994.5600
9999994.5598
9999994.6104
9999994.5496
9999994.5570
9999994.6104
9999994.5589
9999994.5613
9999994.6078
9999994.5684
9999994.5749
9999994.6108
9999994.5627
9999994.5698
9999994.5718
9999994.6203
9999994.5734
9999994.6325
9999994.6321
9999994.5723
9999994.5699
9999994.5780
9999994.5731
9999994.5635
9999994.5622
9999994.5655
9999994.6130
9999994.5519
9999994.5536
9999994.5671
9999994.6174
9999994.5514
9999994.5987
9999994.5595
9999994.5592
9999994.6025
9999994.5580
9999994.6143
9999994.6133
9999994.5555
9999994.5577
9999994.5567
9999994.5568
9999994.5557
9999994.5969
9999994.5568
9999994.6055
9999994.5540
9999994.5519
9999994.5560
9999994.5737
9999994.5706
9999994.5759
9999994.6275
9999994.5758
9999994.5714
9999994.5688
9999994.6277
9999994.5715
9999994.6126
9999994.5652
9999994.5735
9999994.5784
9999994.5765
9999994.6183
9999994.6239
9999994.5793
9999994.5713
9999994.5660
9999994.5752
9999994.6205
9999994.5732
9999994.6180
9999994.5823
9999994.5863
9999994.5820
9999994.5765
9999994.5728
9999994.6232
9999994.5665
9999994.6171
9999994.5669
9999994.6271
9999994.5622
9999994.5607
9999994.5768
9999994.5733
9999994.5711
9999994.6158
9999994.5786
9999994.6398
9999994.5820
9999994.5784
9999994.5792
9999994.5691
9999994.5624
9999994.5617
9999994.5711
9999994.5679
9999994.5672
9999994.5738
9999994.6288
9999994.5820
9999994.5654
9999994.5629
9999994.5698
9999994.6255
9999994.6209
9999994.5750
9999994.6296
9999994.6330
9999994.5748
9999994.5690
9999994.5837
9999994.5804
9999994.5797
9999994.5756
9999994.5838
9999994.6382
9999994.5820
9999994.5769
9999994.5780
9999994.5695
9999994.5710
9999994.5686
9999994.5807
9999994.5832
9999994.5744
9999994.5661
9999994.6277
9999994.6254
9999994.6192
9999994.5726
9999994.5800
9999994.5873
9999994.5824
9999994.5817
9999994.5812
9999994.5761
9999994.5635
9999994.5579
9999994.6160
9999994.5490
9999994.5916
9999994.5867
9999994.5506
9999994.6033
9999994.5461
9999994.5317
9999994.5851
9999994.5337
9999994.5195
9999994.5658
9999994.5240
9999994.5709
9999994.5169
9999994.5132
9999994.5188
9999994.5232
9999994.5605
9999994.5141
9999994.5092
9999994.5116
9999994.4973
9999994.4944
9999994.5475
9999994.5445
9999994.4858
9999994.4873
9999994.4877
9999994.4923
9999994.4939
9999994.5454
9999994.5543
9999994.5028
9999994.5538
9999994.5093
9999994.5238
9999994.5267
9999994.5709
9999994.5232
9999994.5725
9999994.5129
9999994.5522
9999994.4945
9999994.4983
9999994.5033
9999994.4992
9999994.5009
9999994.5581
9999994.4976
9999994.5352
9999994.4849
9999994.5387
9999994.4851
9999994.4827
9999994.5372
9999994.5380
9999994.4869
9999994.4887
9999994.5471
9999994.4962
9999994.5535
9999994.5560
9999994.5145
9999994.5172
9999994.5045
9999994.5489
9999994.5003
9999994.5082
9999994.5108
9999994.5003
9999994.4992
9999994.5526
9999994.5039
9999994.5014
9999994.4963
9999994.5042
9999994.5017
9999994.5352
9999994.4818
9999994.4854
9999994.4879
9999994.4910
9999994.4893
9999994.5449
9999994.4895
9999994.4841
9999994.4809
9999994.4916
9999994.5416
9999994.4835
9999994.5408
9999994.5519
9999994.4981
9999994.4921
9999994.4915
9999994.4930
9999994.5496
9999994.4996
9999994.5082
9999994.5132
9999994.5061
9999994.5519
9999994.4986
9999994.5098
9999994.4998
9999994.5312
9999994.5258
9999994.4943
9999994.4898
9999994.4895
9999994.4853
9999994.4930
9999994.4936
9999994.4921
9999994.4946
9999994.4969
9999994.5566
9999994.4976
9999994.4994
9999994.5556
9999994.5498
9999994.4890
9999994.5313
9999994.4843
9999994.4824
9999994.4740
9999994.4754
9999994.5316
9999994.5354
9999994.4783
9999994.4763
9999994.4821
9999994.5372
9999994.4866
9999994.4914
9999994.4903
9999994.4924
9999994.4819
9999994.4841
9999994.4859
9999994.4963
9999994.5427
9999994.4989
9999994.5106
9999994.5085
9999994.5009
9999994.5006
9999994.5039
9999994.5087
9999994.5422
9999994.4962
9999994.5056
9999994.5584
9999994.5025
9999994.5536
9999994.5131
9999994.5547
9999994.4958
9999994.4928
9999994.5501
9999994.5496
9999994.4895
9999994.4953
9999994.5074
9999994.5074
9999994.5069
9999994.5090
9999994.5160
9999994.5063
9999994.4984
9999994.4931
9999994.4931
9999994.4871
9999994.4756
9999994.4694
9999994.5265
9999994.4730
9999994.4644
9999994.4690
9999994.4831
9999994.4864
9999994.4883
9999994.4860
9999994.5409
9999994.4887
9999994.4766
9999994.5166
9999994.5226
9999994.4682
9999994.5084
9999994.4986
9999994.5023
9999994.4457
9999994.4337
9999994.4888
9999994.4503
9999994.4514
9999994.4519
9999994.4657
9999994.4828
9999994.4816
9999994.4676
9999994.5181
9999994.5277
9999994.5243
9999994.4693
9999994.4710
9999994.5138
9999994.4644
9999994.4587
9999994.4590
9999994.4702
9999994.4609
9999994.4651
9999994.4582
9999994.5191
9999994.4692
9999994.4609
9999994.4663
9999994.4758
9999994.4800
9999994.5238
9999994.4671
9999994.5207
9999994.4710
9999994.4619
9999994.4609
9999994.5187
9999994.4589
9999994.4497
9999994.4371
9999994.4364
9999994.4371
9999994.4246
9999994.4161
9999994.4106
9999994.4134
9999994.4051
9999994.4162
9999994.4207
9999994.4256
9999994.4166
9999994.4509
9999994.4036
9999994.4052
9999994.4475
9999994.4015
9999994.4133
9999994.4265
9999994.4348
9999994.4297
9999994.4406
9999994.4448
9999994.4406
9999994.4449
9999994.4520
9999994.5018
9999994.4457
9999994.4977
9999994.4531
9999994.4510
9999994.4970
9999994.4470
9999994.4531
9999994.4524
9999994.4546
9999994.4561
9999994.5116
9999994.4616
9999994.5065
9999994.4572
9999994.4576
9999994.4586
9999994.4618
9999994.4601
9999994.5244
9999994.4693
9999994.4641
9999994.4649
9999994.4749
9999994.4827
9999994.4828
9999994.4816
9999994.4841
9999994.4826
9999994.4746
9999994.4645
9999994.4728
9999994.4724
9999994.4616
9999994.5106
9999994.4653
9999994.4674
9999994.5102
9999994.4685
9999994.4820
9999994.4800
9999994.4804
9999994.4812
9999994.5313
9999994.4805
9999994.4812
9999994.4784
9999994.5345
9999994.5351
9999994.4725
9999994.4677
9999994.4705
9999994.4730
9999994.4714
9999994.4739
9999994.4855
9999994.5448
9999994.5343
9999994.4897
9999994.5538
9999994.4993
9999994.4929
9999994.5455
9999994.5013
9999994.4962
9999994.5455
9999994.5003
9999994.5626
9999994.5051
9999994.4936
9999994.4815
9999994.5370
9999994.5501
9999994.4996
9999994.5067
9999994.5142
9999994.5518
9999994.5460
9999994.5003
9999994.5077
9999994.5590
9999994.5029
9999994.5043
9999994.5553
9999994.5050
9999994.5024
9999994.5539
9999994.5143
9999994.5070
9999994.5062
9999994.5074
9999994.5162
9999994.5640
9999994.5109
9999994.5069
9999994.5117
9999994.5062
9999994.5126
9999994.5044
9999994.5627
9999994.5202
9999994.5140
9999994.5112
9999994.5110
9999994.5258
9999994.5228
9999994.5816
9999994.5387
9999994.5334
9999994.5273
9999994.5282
9999994.5365
9999994.5924
9999994.5394
9999994.5457
9999994.5533
9999994.5510
9999994.5400
9999994.5873
9999994.5402
9999994.5922
9999994.5363
9999994.5855
9999994.5535
9999994.5953
9999994.5387
9999994.5329
9999994.5425
9999994.5923
9999994.5379
9999994.5867
9999994.5432
9999994.5423
9999994.5373
9999994.5900
9999994.5550
9999994.5610
9999994.5608
9999994.5556
9999994.6034
9999994.5440
9999994.5839
9999994.5400
9999994.5411
9999994.5396
9999994.5915
9999994.5408
9999994.5514
9999994.5471
9999994.5391
9999994.5460
9999994.5497
9999994.5563
9999994.5505
9999994.5498
9999994.5582
9999994.5607
9999994.5600
9999994.5552
9999994.5617
9999994.5634
9999994.5571
9999994.5544
9999994.5612
9999994.5653
9999994.5556
9999994.5495
9999994.5518
9999994.6025
9999994.5470
9999994.5996
9999994.5580
9999994.5546
9999994.5554
9999994.6000
9999994.5572
9999994.5982
9999994.5542
9999994.5548
9999994.5580
9999994.5636
9999994.5580
9999994.5622
9999994.5687
9999994.5786
9999994.5687
9999994.5671
9999994.5733
9999994.5725
9999994.5643
9999994.5666
9999994.5735
9999994.5710
9999994.5618
9999994.5630
9999994.5764
9999994.5746
9999994.5692
9999994.5763
9999994.6289
9999994.5880
9999994.5690
9999994.5666
9999994.5672
9999994.5593
9999994.6131
9999994.5630
9999994.5780
9999994.5672
9999994.5575
9999994.6099
9999994.6285
9999994.5693
9999994.5680
9999994.5745
9999994.5772
9999994.5749
9999994.5750
9999994.5744
9999994.5777
9999994.5786
9999994.5803
9999994.5848
9999994.5840
9999994.5822
9999994.6234
9999994.6206
9999994.5771
9999994.5651
9999994.6104
9999994.5688
9999994.5804
9999994.5762
9999994.5657
9999994.6259
9999994.6369
9999994.5873
9999994.6275
9999994.5766
9999994.5765
9999994.5710
9999994.5642
9999994.5605
9999994.5665
9999994.6152
9999994.5605
9999994.5645
9999994.5731
9999994.5735
9999994.5622
9999994.5676
9999994.5702
9999994.6134
9999994.5559
9999994.5602
9999994.5613
9999994.5536
9999994.5934
9999994.5335
9999994.5346
9999994.5355
9999994.5301
9999994.5332
9999994.5850
9999994.5924
9999994.5376
9999994.5812
9999994.5451
9999994.5956
9999994.5423
9999994.5413
9999994.5436
9999994.5933
9999994.5378
9999994.5259
9999994.5313
9999994.5723
9999994.5266
9999994.5314
9999994.5328
9999994.5374
9999994.5264
9999994.5327
9999994.5812
9999994.5759
9999994.5671
9999994.5218
9999994.5260
9999994.5285
9999994.5270
9999994.5328
9999994.5398
9999994.5378
9999994.5734
9999994.5676
9999994.5304
9999994.5823
9999994.5271
9999994.5304
9999994.5454
9999994.5448
9999994.5326
9999994.5321
9999994.5834
9999994.5872
9999994.5287
9999994.5838
9999994.5404
9999994.5363
9999994.5244
9999994.5210
9999994.5243
9999994.5344
9999994.5750
9999994.5335
9999994.5437
9999994.5415
9999994.5365
9999994.5413
9999994.5399
9999994.5908
9999994.5398
9999994.5316
9999994.5376
9999994.5359
9999994.5328
9999994.5260
9999994.5382
9999994.5357
9999994.5356
9999994.5399
9999994.5439
9999994.5404
9999994.5280
9999994.5201
9999994.5246
9999994.5183
9999994.5094
9999994.5613
9999994.5184
9999994.5701
9999994.5119
9999994.5562
9999994.5195
9999994.5112
9999994.5033
9999994.5540
9999994.5127
9999994.5081
9999994.5095
9999994.5085
9999994.5140
9999994.5626
9999994.5100
9999994.5068
9999994.5687
9999994.5148
9999994.5530
9999994.5674
9999994.5210
9999994.5267
9999994.5156
9999994.5607
9999994.5188
9999994.5084
9999994.5478
9999994.4913
9999994.5446
9999994.4937
9999994.4967
9999994.4997
9999994.5022
9999994.5036
9999994.5011
9999994.5005
9999994.5123
9999994.5060
9999994.5045
9999994.5007
9999994.5071
9999994.5033
9999994.4991
9999994.5483
9999994.5043
9999994.5564
9999994.5483
9999994.5000
9999994.5054
9999994.5023
9999994.4941
9999994.4885
9999994.4874
9999994.4923
9999994.5396
9999994.4943
9999994.4945
9999994.4863
9999994.4775
9999994.4599
9999994.4761
9999994.4717
9999994.4699
9999994.4834
9999994.4836
9999994.4850
9999994.4830
9999994.4798
9999994.4831
9999994.5343
9999994.4712
9999994.4751
9999994.4817
9999994.4882
9999994.4870
9999994.4848
9999994.5401
9999994.4855
9999994.4823
9999994.4785
9999994.5350
9999994.5334
9999994.4712
9999994.4720
9999994.4814
9999994.4809
9999994.5350
9999994.4829
9999994.4924
9999994.5364
9999994.4844
9999994.4834
9999994.5394
9999994.5348
9999994.4756
9999994.5250
9999994.4867
9999994.4807
9999994.5205
9999994.5150
9999994.4645
9999994.4659
9999994.4616
9999994.5053
9999994.4599
9999994.4590
9999994.4523
9999994.4442
9999994.4468
9999994.4402
9999994.4319
9999994.4284
9999994.4339
9999994.4814
9999994.4125
9999994.4077
9999994.4587
9999994.4616
9999994.4525
9999994.4054
9999994.4098
9999994.4598
9999994.3917
9999994.3844
9999994.3895
9999994.4374
9999994.4252
9999994.4262
9999994.3815
9999994.3815
9999994.3712
9999994.3661
9999994.3805
9999994.3895
9999994.3918
9999994.3898
9999994.4038
9999994.4040
9999994.4002
9999994.4489
9999994.4033
9999994.3997
9999994.3917
9999994.3872
9999994.3992
9999994.4000
9999994.4030
9999994.4021
9999994.4107
9999994.4115
9999994.4021
9999994.4145
9999994.4090
9999994.4183
9999994.4555
9999994.4072
9999994.4644
9999994.4173
9999994.4054
9999994.4065
9999994.4110
9999994.4114
9999994.4502
9999994.4115
9999994.4060
9999994.4133
9999994.4055
9999994.4624
9999994.4729
9999994.4209
9999994.4624
9999994.4134
9999994.4126
9999994.4113
9999994.3977
9999994.4095
9999994.4165
9999994.4664
9999994.4179
