9999984.30215
9999984.30376
9999984.30379
9999984.30329
9999984.30156
9999984.30174
9999984.30138
9999984.29910
9999984.30284
9999984.30254
9999984.30317
9999984.30342
9999984.30307
9999984.30335
9999984.30243
9999984.30084
9999984.30311
9999984.30243
9999984.30338
9999984.30534
9999984.30663
9999984.30625
9999984.30338
9999984.30432
9999984.30496
9999984.30475
9999984.30609
9999984.30732
9999984.30712
9999984.30759
9999984.30887
9999984.30576
9999984.30723
9999984.30831
9999984.30454
9999984.30669
9999984.30651
9999984.30684
9999984.30684
9999984.30848
9999984.31110
9999984.30826
9999984.30955
9999984.31005
9999984.30825
9999984.30998
9999984.30916
9999984.31173
9999984.31212
9999984.31261
9999984.31185
9999984.31346
9999984.30895
9999984.31095
9999984.31007
9999984.30900
9999984.30927
9999984.30896
9999984.31074
9999984.31078
9999984.31319
9999984.31240
9999984.31114
9999984.31123
9999984.31209
9999984.31138
9999984.31103
9999984.31215
9999984.31136
9999984.31389
9999984.31450
9999984.31503
9999984.31303
9999984.31178
9999984.31033
9999984.31095
9999984.31112
9999984.31108
9999984.31232
9999984.31221
9999984.31313
9999984.31442
9999984.31038
9999984.31226
9999984.30691
9999984.31045
9999984.31195
9999984.31128
9999984.31299
9999984.31276
9999984.31166
9999984.31133
9999984.31160
9999984.31077
9999984.31135
9999984.31020
9999984.31066
9999984.31193
9999984.31010
9999984.31161
9999984.31168
9999984.31065
9999984.31326
9999984.31266
9999984.31085
9999984.31043
9999984.31284
9999984.31186
9999984.31365
9999984.31266
9999984.31286
9999984.31354
9999984.31606
9999984.31423
9999984.31341
9999984.31398
9999984.31319
9999984.31279
9999984.31380
9999984.31433
9999984.31247
9999984.31408
9999984.31375
9999984.31539
9999984.31432
9999984.31349
9999984.31085
9999984.31229
9999984.31257
9999984.31291
9999984.31368
9999984.31518
9999984.31738
9999984.31887
9999984.31803
9999984.31799
9999984.31604
9999984.31721
9999984.31633
9999984.31648
9999984.31720
9999984.31449
9999984.31851
9999984.31807
9999984.31753
9999984.31784
9999984.31910
9999984.31933
9999984.31727
9999984.31557
9999984.31508
9999984.31615
9999984.31790
9999984.31609
9999984.31768
9999984.32033
9999984.31923
9999984.31829
9999984.32015
9999984.32077
9999984.31878
9999984.31784
9999984.31721
9999984.31853
9999984.31662
9999984.31859
9999984.31859
9999984.31978
9999984.32046
9999984.32253
9999984.32195
9999984.32205
9999984.31728
9999984.31887
9999984.31634
9999984.31958
9999984.31852
9999984.31900
9999984.32006
9999984.32216
9999984.32049
9999984.32099
9999984.32095
9999984.32047
9999984.31724
9999984.31882
9999984.32043
9999984.31997
9999984.32050
9999984.32021
9999984.32016
9999984.31950
9999984.31895
9999984.31774
9999984.31727
9999984.31748
9999984.31967
9999984.31867
9999984.31772
9999984.32115
9999984.32235
9999984.31962
9999984.31937
9999984.31883
9999984.31608
9999984.31845
9999984.31786
9999984.31770
9999984.31693
9999984.31737
9999984.31950
9999984.31814
9999984.31807
9999984.31859
9999984.31724
9999984.31800
9999984.31539
9999984.31626
9999984.31711
9999984.31668
9999984.31816
9999984.31843
9999984.31876
9999984.31843
9999984.31869
9999984.31706
9999984.31903
9999984.31730
9999984.31500
9999984.31865
9999984.31918
9999984.32107
9999984.32294
9999984.32051
9999984.32200
9999984.32220
9999984.32138
9999984.32188
9999984.32278
9999984.32067
9999984.32191
9999984.32119
9999984.32197
9999984.32447
9999984.32437
9999984.32266
9999984.32061
9999984.32190
9999984.32197
9999984.31992
9999984.32218
9999984.32082
9999984.32001
9999984.31998
9999984.32033
9999984.32234
9999984.32422
9999984.32385
9999984.32176
9999984.32200
9999984.32247
9999984.32226
9999984.32114
9999984.32116
9999984.32312
9999984.32027
9999984.32032
9999984.32196
9999984.32199
9999984.32420
9999984.32421
9999984.32354
9999984.32322
9999984.32232
9999984.32158
9999984.32122
9999984.31962
9999984.31860
9999984.32103
9999984.32017
9999984.32154
9999984.32087
9999984.32304
9999984.32552
9999984.32367
9999984.32390
9999984.32265
9999984.32218
9999984.32355
9999984.32192
9999984.32416
9999984.32488
9999984.32244
9999984.32368
9999984.32227
9999984.32488
9999984.32475
9999984.32514
9999984.32322
9999984.32278
9999984.32039
9999984.32172
9999984.32197
9999984.32259
9999984.32475
9999984.32457
9999984.32891
9999984.32946
9999984.32798
9999984.32680
9999984.32722
9999984.32504
9999984.32509
9999984.32439
9999984.32561
9999984.32507
9999984.32844
9999984.32729
9999984.32782
9999984.32754
9999984.32837
9999984.32905
9999984.32718
9999984.32661
9999984.32639
9999984.32863
9999984.32784
9999984.33022
9999984.32957
9999984.32899
9999984.33048
9999984.33104
9999984.33326
9999984.33136
9999984.33090
9999984.33142
9999984.33054
9999984.32870
9999984.32778
9999984.33134
9999984.33140
9999984.33022
9999984.33173
9999984.33236
9999984.33637
9999984.33422
9999984.33552
9999984.33605
9999984.33525
9999984.33520
9999984.33521
9999984.33599
9999984.33463
9999984.33425
9999984.33328
9999984.33523
9999984.33587
9999984.33801
9999984.33635
9999984.33677
9999984.33683
9999984.33650
9999984.33640
9999984.33586
9999984.33658
9999984.33404
9999984.33426
9999984.33416
9999984.33424
9999984.33239
9999984.33431
9999984.33378
9999984.33532
9999984.33568
9999984.33623
9999984.33433
9999984.33535
9999984.33694
9999984.33729
9999984.33631
9999984.33437
9999984.33594
9999984.33596
9999984.33457
9999984.33603
9999984.33712
9999984.33764
9999984.33807
9999984.33862
9999984.33961
9999984.33831
9999984.34115
9999984.33662
9999984.33897
9999984.33801
9999984.33816
9999984.33719
9999984.33914
9999984.33851
9999984.33938
9999984.33931
9999984.33972
9999984.34071
9999984.34275
9999984.34475
9999984.34232
9999984.34359
9999984.34222
9999984.34156
9999984.34058
9999984.34113
9999984.34371
9999984.34115
9999984.34007
9999984.34248
9999984.34190
9999984.34383
9999984.34486
9999984.34515
9999984.34569
9999984.34703
9999984.34693
9999984.34666
9999984.34542
9999984.34558
9999984.34350
9999984.34378
9999984.34219
9999984.34256
9999984.34550
9999984.34555
9999984.34578
9999984.34612
9999984.34747
9999984.34632
9999984.34760
9999984.34503
9999984.34434
9999984.34407
9999984.34518
9999984.34649
9999984.34710
9999984.34489
9999984.34526
9999984.34588
9999984.34658
9999984.34808
9999984.34636
9999984.34818
9999984.34978
9999984.34902
9999984.34978
9999984.35132
9999984.35212
9999984.34987
9999984.34990
9999984.34955
9999984.35072
9999984.34860
9999984.34876
9999984.34966
9999984.34905
9999984.34988
9999984.34642
9999984.34747
9999984.35035
9999984.34846
9999984.35021
9999984.35095
9999984.35185
9999984.35185
9999984.35158
9999984.35111
9999984.35172
9999984.35128
9999984.35062
9999984.34992
9999984.34982
9999984.35012
9999984.35056
9999984.34927
9999984.35039
9999984.35213
9999984.35122
9999984.35168
9999984.35140
9999984.35213
9999984.35187
9999984.35298
9999984.35284
9999984.35411
9999984.35311
9999984.35547
9999984.35495
9999984.35375
9999984.35619
9999984.35300
9999984.35429
9999984.35488
9999984.35647
9999984.35318
9999984.35673
9999984.35363
9999984.35271
9999984.35362
9999984.35173
9999984.35550
9999984.35722
9999984.35692
9999984.35773
9999984.35631
9999984.35643
9999984.35915
9999984.35707
9999984.35674
9999984.35654
9999984.35489
9999984.35342
9999984.35506
9999984.35437
9999984.35419
9999984.35145
9999984.35434
9999984.35271
9999984.35400
9999984.35676
9999984.35692
9999984.35691
9999984.35715
9999984.35831
9999984.35707
9999984.35638
9999984.35740
9999984.35704
9999984.35634
9999984.35595
9999984.35430
9999984.35482
9999984.35430
9999984.35247
9999984.35393
9999984.35382
9999984.35552
9999984.35634
9999984.35778
9999984.35699
9999984.35775
9999984.35693
9999984.35799
9999984.35775
9999984.35953
9999984.35557
9999984.35703
9999984.35751
9999984.35739
9999984.35731
9999984.35397
9999984.35550
9999984.35556
9999984.35667
9999984.35892
9999984.35651
9999984.35904
9999984.35756
9999984.35890
9999984.35943
9999984.35846
9999984.35260
9999984.35919
9999984.35776
9999984.35865
9999984.35721
9999984.35548
9999984.35750
9999984.35677
9999984.35683
9999984.35546
9999984.35770
9999984.35684
9999984.35808
9999984.35763
9999984.35816
9999984.35790
9999984.36201
9999984.35843
9999984.35952
9999984.35951
9999984.36031
9999984.35722
9999984.35770
9999984.35996
9999984.36078
9999984.35894
9999984.35972
9999984.36128
9999984.35806
9999984.35808
9999984.35769
9999984.36251
9999984.36058
9999984.36282
9999984.36148
9999984.36207
9999984.36189
9999984.36136
9999984.36145
9999984.36333
9999984.36041
9999984.35960
9999984.36029
9999984.36017
9999984.35906
9999984.36032
9999984.36003
9999984.35844
9999984.35920
9999984.35896
9999984.35917
9999984.36012
9999984.35827
9999984.35782
9999984.35857
9999984.35895
9999984.35927
9999984.35991
9999984.36147
9999984.35977
9999984.36226
9999984.36187
9999984.36127
9999984.36116
9999984.36089
9999984.36114
9999984.36070
9999984.35911
9999984.35937
9999984.35689
9999984.35786
9999984.35664
9999984.35910
9999984.35846
9999984.36077
9999984.35712
9999984.35913
9999984.35932
9999984.36144
9999984.36112
9999984.35949
9999984.36289
9999984.36037
9999984.35985
9999984.35988
9999984.35831
9999984.35743
9999984.35606
9999984.35578
9999984.35644
9999984.35494
9999984.35386
9999984.35639
9999984.35642
9999984.35802
9999984.36114
9999984.35944
9999984.35879
9999984.35944
9999984.35964
9999984.35970
9999984.36018
9999984.35914
9999984.35825
9999984.35723
9999984.35706
9999984.35835
9999984.35752
9999984.35739
9999984.35822
9999984.35865
9999984.35717
9999984.36047
9999984.35991
9999984.36061
9999984.36132
9999984.36255
9999984.36189
9999984.36207
9999984.36162
9999984.36331
9999984.35971
9999984.36103
9999984.36074
9999984.35884
9999984.35925
9999984.36077
9999984.35802
9999984.36049
9999984.35990
9999984.35778
9999984.35792
9999984.36038
9999984.36135
9999984.36046
9999984.36216
9999984.36128
9999984.36123
9999984.36133
9999984.36532
9999984.36215
9999984.36249
9999984.36095
9999984.36034
9999984.35920
9999984.36028
9999984.35998
9999984.36092
9999984.35943
9999984.35844
9999984.35918
9999984.35938
9999984.35927
9999984.35954
9999984.36239
9999984.36131
9999984.36057
9999984.36113
9999984.36354
9999984.36116
9999984.36146
9999984.36359
9999984.36164
9999984.35973
9999984.36149
9999984.35443
9999984.36086
9999984.36057
9999984.35871
9999984.35888
9999984.36051
9999984.36068
9999984.36057
9999984.35932
9999984.35915
9999984.35998
9999984.35977
9999984.35792
9999984.35842
9999984.36013
9999984.36223
9999984.36189
9999984.36209
9999984.36339
9999984.36457
9999984.36495
9999984.36413
9999984.36232
9999984.36481
9999984.36077
9999984.36299
9999984.36357
9999984.36220
9999984.36407
9999984.36096
9999984.36250
9999984.36207
9999984.36077
9999984.36229
9999984.36225
9999984.35915
9999984.36143
9999984.35872
9999984.36109
9999984.36186
9999984.36205
9999984.35987
9999984.36281
9999984.35995
9999984.36158
9999984.36097
9999984.36053
9999984.35961
9999984.36031
9999984.35978
9999984.35971
9999984.35880
9999984.35889
9999984.35871
9999984.35973
9999984.35925
9999984.35908
9999984.35792
9999984.35960
9999984.36156
9999984.35990
9999984.36035
9999984.35950
9999984.36103
9999984.36208
9999984.35949
9999984.36170
9999984.36157
9999984.35995
9999984.35967
9999984.35740
9999984.35709
9999984.35679
9999984.35556
9999984.35911
9999984.35677
9999984.35622
9999984.35692
9999984.35699
9999984.35604
9999984.35649
9999984.35767
9999984.35877
9999984.35852
9999984.35859
9999984.35990
9999984.36201
9999984.36061
9999984.35993
9999984.36087
9999984.36089
9999984.36169
9999984.35802
9999984.36085
9999984.36086
9999984.36038
9999984.35919
9999984.36018
9999984.35914
9999984.35720
9999984.35891
9999984.35868
9999984.35819
9999984.35921
9999984.35934
9999984.35990
9999984.36082
9999984.36246
9999984.36103
9999984.36300
9999984.36464
9999984.36537
9999984.36479
9999984.36501
9999984.36542
9999984.36395
9999984.36484
9999984.36450
9999984.36248
9999984.36385
9999984.36353
9999984.36348
9999984.36262
9999984.36322
9999984.36473
9999984.36314
9999984.36481
9999984.36563
9999984.36556
9999984.36619
9999984.36547
9999984.36605
9999984.36798
9999984.36854
9999984.36900
9999984.36677
9999984.36840
9999984.36739
9999984.36678
9999984.36708
9999984.36801
9999984.36626
9999984.36410
9999984.36500
9999984.35969
9999984.36445
9999984.36496
9999984.36661
9999984.36609
9999984.36724
9999984.36580
9999984.36805
9999984.36921
9999984.36863
9999984.37022
9999984.37078
9999984.37082
9999984.37162
9999984.36966
9999984.37044
9999984.37077
9999984.36947
9999984.37099
9999984.37306
9999984.36996
9999984.36844
9999984.36797
9999984.36732
9999984.36876
9999984.36783
9999984.36822
9999984.37070
9999984.37056
9999984.37060
9999984.37214
9999984.37103
9999984.37324
9999984.37058
9999984.37223
9999984.37185
9999984.36959
9999984.37044
9999984.36964
9999984.36927
9999984.36955
9999984.37001
9999984.37014
9999984.36842
9999984.36904
9999984.37250
9999984.37009
9999984.36929
9999984.36912
9999984.37072
9999984.37288
9999984.37502
9999984.37260
9999984.37386
9999984.37260
9999984.37338
9999984.37281
9999984.37452
9999984.37537
9999984.37536
9999984.37619
9999984.37515
9999984.37761
9999984.37677
9999984.37716
9999984.37540
9999984.37614
9999984.37503
9999984.37455
9999984.37490
9999984.37470
9999984.37301
9999984.37234
9999984.37358
9999984.37344
9999984.37415
9999984.37455
9999984.37284
9999984.37441
9999984.37475
9999984.37355
9999984.37322
9999984.37314
9999984.37581
9999984.37374
9999984.37478
9999984.37641
9999984.37627
9999984.37536
9999984.37640
9999984.37596
9999984.37429
9999984.37564
9999984.37384
9999984.37466
9999984.37513
9999984.37779
9999984.37626
9999984.37586
9999984.37717
9999984.37641
9999984.37619
9999984.37446
9999984.37563
9999984.37555
9999984.37410
9999984.37434
9999984.37193
9999984.37508
9999984.37518
9999984.37482
9999984.37527
9999984.37463
9999984.37724
9999984.37627
9999984.37672
9999984.37604
9999984.37774
9999984.37591
9999984.37521
9999984.37531
9999984.37784
9999984.37817
9999984.37669
9999984.37770
9999984.37909
9999984.37722
9999984.37787
9999984.37680
9999984.37980
9999984.37796
9999984.37828
9999984.37650
9999984.37640
9999984.37367
9999984.37510
9999984.37347
9999984.37334
9999984.37358
9999984.37301
9999984.37363
9999984.37446
9999984.37340
9999984.37407
9999984.37152
9999984.37249
9999984.37458
9999984.37539
9999984.37429
9999984.37424
9999984.37547
9999984.37230
9999984.37430
9999984.37516
9999984.37793
9999984.37872
9999984.37739
9999984.37977
9999984.37815
9999984.37807
9999984.37733
9999984.37648
9999984.37803
9999984.37815
9999984.37647
9999984.37640
9999984.37699
9999984.37558
9999984.37504
9999984.37563
9999984.37648
9999984.37822
9999984.37702
9999984.37704
9999984.37536
9999984.37511
9999984.37379
9999984.37433
9999984.37473
9999984.37517
9999984.37701
9999984.37733
9999984.37653
9999984.37831
9999984.38001
9999984.37944
9999984.38024
9999984.38123
9999984.38215
9999984.38102
9999984.38073
9999984.37993
9999984.37986
9999984.37830
9999984.38118
9999984.38143
9999984.37648
9999984.38093
9999984.38117
9999984.38027
9999984.38004
9999984.38004
9999984.38167
9999984.38162
9999984.38162
9999984.37919
9999984.38134
9999984.37891
9999984.37863
9999984.37959
9999984.37763
9999984.38020
9999984.37868
9999984.37933
9999984.37789
9999984.37816
9999984.37963
9999984.37925
9999984.37900
9999984.38223
9999984.38046
9999984.37988
9999984.37775
9999984.38181
9999984.37933
9999984.37992
9999984.38046
9999984.38138
9999984.38188
9999984.38212
9999984.38154
9999984.38178
9999984.38150
9999984.38187
9999984.38219
9999984.38308
9999984.38189
9999984.38354
9999984.38160
9999984.38210
9999984.38365
9999984.37909
9999984.38124
9999984.38195
9999984.38180
9999984.38185
9999984.38007
9999984.38195
9999984.37870
9999984.37815
9999984.37950
9999984.38059
9999984.37937
9999984.38147
9999984.37981
9999984.37863
9999984.37967
9999984.37827
9999984.37749
9999984.37911
9999984.38062
9999984.38144
9999984.37988
9999984.38136
9999984.38221
9999984.38151
9999984.38154
9999984.38116
9999984.38177
9999984.38250
9999984.38048
9999984.38159
9999984.38069
9999984.38094
9999984.38076
9999984.37969
9999984.37772
9999984.38021
9999984.37824
9999984.38045
9999984.37723
9999984.37805
9999984.37816
9999984.37736
9999984.37730
9999984.37901
9999984.37798
9999984.37783
9999984.37833
9999984.37991
9999984.37875
9999984.38003
9999984.37878
9999984.37963
9999984.38062
9999984.37877
9999984.38066
9999984.38080
9999984.38049
9999984.38199
9999984.38244
9999984.38198
9999984.38202
9999984.38439
9999984.38310
9999984.38214
9999984.38204
9999984.38042
9999984.37931
9999984.37816
9999984.37812
9999984.37921
9999984.37848
9999984.37877
9999984.37768
9999984.37710
9999984.37499
9999984.37736
9999984.37719
9999984.37916
9999984.37881
9999984.37946
9999984.37862
9999984.37882
9999984.37971
9999984.38212
9999984.38291
9999984.38161
9999984.38298
9999984.38050
9999984.38204
9999984.38076
9999984.38103
9999984.38193
9999984.38050
9999984.38089
9999984.38093
9999984.38208
9999984.38077
9999984.38382
9999984.38256
9999984.38046
9999984.38143
9999984.38188
9999984.38097
9999984.37963
9999984.38225
9999984.38018
9999984.37934
9999984.38087
9999984.37777
9999984.37964
9999984.37944
9999984.37943
9999984.37939
9999984.37756
9999984.37881
9999984.37605
9999984.37702
9999984.37910
9999984.37885
9999984.38285
9999984.38106
9999984.38065
9999984.38202
9999984.38130
9999984.38158
9999984.38307
9999984.38146
9999984.38442
9999984.38402
9999984.38358
9999984.38123
9999984.38226
9999984.37905
9999984.38285
9999984.38109
9999984.38047
9999984.38108
9999984.37980
9999984.37951
9999984.37679
9999984.37946
9999984.37977
9999984.37862
9999984.37909
9999984.38060
9999984.37831
9999984.37788
9999984.37856
9999984.37640
9999984.37576
9999984.37755
9999984.37849
9999984.37998
9999984.37722
9999984.38090
9999984.37984
9999984.38035
9999984.38007
9999984.38255
9999984.38126
9999984.38018
9999984.38071
9999984.38334
9999984.38240
9999984.38269
9999984.38463
9999984.38412
9999984.38473
9999984.38245
9999984.38451
9999984.38512
9999984.38567
9999984.38493
9999984.38508
9999984.38588
9999984.38455
9999984.38468
9999984.38518
9999984.38487
9999984.38540
9999984.38707
9999984.38729
9999984.38546
9999984.38604
9999984.38492
9999984.38423
9999984.38646
9999984.38308
9999984.38699
9999984.38552
9999984.38709
9999984.38788
9999984.38584
9999984.38677
9999984.38699
9999984.38760
9999984.38562
9999984.38649
9999984.38446
9999984.38625
9999984.39217
9999984.38503
9999984.38410
9999984.38484
9999984.38610
9999984.38612
9999984.38387
9999984.37628
9999984.38394
9999984.38448
9999984.38440
9999984.38390
9999984.38473
9999984.38387
9999984.38497
9999984.38469
9999984.38636
9999984.38601
9999984.38458
9999984.38665
9999984.38770
9999984.39086
9999984.39101
9999984.38934
9999984.39003
9999984.39068
9999984.38947
9999984.39259
9999984.38909
9999984.39083
9999984.39092
9999984.39285
9999984.39117
9999984.39153
9999984.39246
9999984.39103
9999984.39014
9999984.39119
9999984.39037
9999984.39181
9999984.39180
9999984.39156
9999984.39201
9999984.39070
9999984.39202
9999984.39070
9999984.38884
9999984.39029
9999984.39217
9999984.39174
9999984.39300
9999984.39132
9999984.39161
9999984.39090
9999984.39173
9999984.39262
9999984.39147
9999984.39018
9999984.39079
9999984.39264
9999984.39128
9999984.39168
9999984.39011
9999984.38952
9999984.39148
9999984.38990
9999984.39005
9999984.39123
9999984.39124
9999984.39135
9999984.39076
9999984.39197
9999984.39224
9999984.39150
9999984.39505
9999984.39324
9999984.39387
9999984.39249
9999984.39250
9999984.39210
9999984.39241
9999984.39383
9999984.39397
9999984.39227
9999984.39202
9999984.39200
9999984.39342
9999984.39361
9999984.39348
9999984.39304
9999984.39232
9999984.39288
9999984.39257
9999984.39152
9999984.39446
9999984.39308
9999984.39412
9999984.39470
9999984.39479
9999984.39356
9999984.39731
9999984.39562
9999984.39356
9999984.39457
9999984.39627
9999984.39618
9999984.39431
9999984.39496
9999984.39479
9999984.39576
9999984.39577
9999984.39742
9999984.39757
9999984.39820
9999984.39704
9999984.39877
9999984.39814
9999984.39868
9999984.39894
9999984.39795
9999984.39965
9999984.39992
9999984.39896
9999984.40056
9999984.39978
9999984.40114
9999984.39970
9999984.40045
9999984.40088
9999984.40169
9999984.40084
9999984.40022
9999984.40237
9999984.39977
9999984.40284
9999984.40135
9999984.40087
9999984.40152
9999984.40356
9999984.40324
9999984.40508
9999984.40481
9999984.40191
9999984.40215
9999984.40249
9999984.40095
9999984.40352
9999984.40330
9999984.40416
9999984.40295
9999984.40563
9999984.40424
9999984.40612
9999984.40252
9999984.40305
9999984.40418
9999984.40721
9999984.40524
9999984.40640
9999984.40410
9999984.40570
9999984.40698
9999984.40666
9999984.40550
9999984.40633
9999984.40594
9999984.40688
9999984.40848
9999984.40875
9999984.40811
9999984.40840
9999984.40791
9999984.40732
9999984.40705
9999984.40839
9999984.40857
9999984.41033
9999984.41011
9999984.41014
9999984.40728
9999984.40993
9999984.41026
9999984.40993
9999984.40884
9999984.40993
9999984.40825
9999984.40996
9999984.41240
9999984.41100
9999984.41203
9999984.41133
9999984.41318
9999984.41560
9999984.41370
9999984.41143
9999984.41499
9999984.41405
9999984.41441
9999984.41554
9999984.41567
9999984.41564
9999984.41369
9999984.41599
9999984.41524
9999984.41484
9999984.41536
9999984.41666
9999984.41714
9999984.41605
9999984.41762
9999984.41529
9999984.41678
9999984.41880
9999984.41650
9999984.41637
9999984.41676
9999984.41552
9999984.41761
9999984.41661
9999984.41477
9999984.41409
9999984.41646
9999984.41471
9999984.41777
9999984.41661
9999984.41635
9999984.41636
9999984.41690
9999984.41569
9999984.41751
9999984.41598
9999984.41658
9999984.41783
9999984.41816
9999984.41713
9999984.41738
9999984.41845
9999984.41838
9999984.41516
9999984.41726
9999984.41615
9999984.41830
9999984.41648
9999984.41790
9999984.41726
9999984.41672
9999984.41882
9999984.41712
9999984.41706
9999984.41464
9999984.41603
9999984.41614
9999984.41762
9999984.41466
9999984.41827
9999984.41581
9999984.41916
9999984.41825
9999984.41873
9999984.42014
9999984.41849
9999984.41826
9999984.41875
9999984.41908
9999984.42229
9999984.41949
9999984.42071
9999984.41910
9999984.42106
9999984.42028
9999984.41962
9999984.42087
9999984.42271
9999984.42126
9999984.42360
9999984.42596
9999984.42308
9999984.42431
9999984.42322
9999984.42521
9999984.42236
9999984.42435
9999984.42326
9999984.42476
9999984.42312
9999984.42312
9999984.42416
9999984.42047
9999984.42253
9999984.42243
9999984.42549
9999984.42520
9999984.42516
9999984.42417
9999984.42078
9999984.42230
9999984.42551
9999984.42349
9999984.42170
9999984.42098
9999984.42212
9999984.42117
9999984.42217
9999984.42314
9999984.42260
9999984.42245
9999984.42132
9999984.42375
9999984.42366
9999984.42291
9999984.42464
9999984.42008
9999984.42232
9999984.42093
9999984.42015
9999984.42051
9999984.42145
9999984.42025
9999984.42074
9999984.42078
9999984.42004
9999984.42229
9999984.42099
9999984.42203
9999984.42214
9999984.42283
9999984.42467
9999984.42318
9999984.42486
9999984.42461
9999984.42500
9999984.42699
9999984.42710
9999984.42688
9999984.42782
9999984.42579
9999984.42615
9999984.42690
9999984.42564
9999984.42621
9999984.42650
9999984.42703
9999984.42698
9999984.42668
9999984.42372
9999984.42536
9999984.42375
9999984.42414
9999984.42404
9999984.42392
9999984.42313
9999984.42260
9999984.42358
9999984.42121
9999984.42109
9999984.41993
9999984.42230
9999984.42252
9999984.42327
9999984.42138
9999984.42304
9999984.42332
9999984.42388
9999984.42342
9999984.42265
9999984.42477
9999984.42235
9999984.42349
9999984.42147
9999984.42178
9999984.42214
9999984.42186
9999984.42309
9999984.42278
9999984.42102
9999984.42347
9999984.42262
9999984.42389
9999984.42392
9999984.42359
9999984.42313
9999984.42414
9999984.42760
9999984.42511
9999984.42619
9999984.42533
9999984.42452
9999984.42611
9999984.42664
9999984.42516
9999984.42467
9999984.42567
9999984.42366
9999984.42226
9999984.42400
9999984.42215
9999984.42048
9999984.42107
9999984.42051
9999984.42182
9999984.41972
9999984.42069
9999984.42069
9999984.42054
9999984.41883
9999984.41982
9999984.42040
9999984.42083
9999984.42144
9999984.42263
9999984.42252
9999984.42114
9999984.42427
9999984.42464
9999984.42404
9999984.42413
9999984.42742
9999984.42397
9999984.42724
9999984.42588
9999984.42595
9999984.42761
9999984.42630
9999984.42569
9999984.42496
9999984.42455
9999984.42301
9999984.42235
9999984.42348
9999984.42318
9999984.41966
9999984.42088
9999984.42340
9999984.42369
9999984.42040
9999984.42342
9999984.42148
9999984.42157
9999984.42020
9999984.42246
9999984.42170
9999984.41961
9999984.42077
9999984.42185
9999984.42116
9999984.42046
9999984.42261
9999984.42241
9999984.42189
9999984.42356
9999984.42344
9999984.42492
9999984.42388
9999984.42431
9999984.42486
9999984.42547
9999984.42491
9999984.42402
9999984.42578
9999984.42512
9999984.42234
9999984.42295
9999984.42261
9999984.42255
9999984.42283
9999984.42294
9999984.42146
9999984.42126
9999984.42139
9999984.42185
9999984.42064
9999984.42048
9999984.41924
9999984.41977
9999984.41972
9999984.42095
9999984.42106
9999984.42081
9999984.41918
9999984.42199
9999984.42053
9999984.42182
9999984.42083
9999984.42303
9999984.42385
9999984.42071
9999984.42088
9999984.42264
9999984.42148
9999984.42117
9999984.42291
9999984.42284
9999984.42244
9999984.42164
9999984.42274
9999984.42287
9999984.42129
9999984.42250
9999984.42415
9999984.42428
9999984.42331
9999984.42357
9999984.42406
9999984.42504
9999984.42485
9999984.42491
9999984.42428
9999984.42577
9999984.42406
9999984.42413
9999984.42611
9999984.42441
9999984.42465
9999984.42399
9999984.42328
9999984.42390
9999984.42393
9999984.42481
9999984.42492
9999984.42339
9999984.42256
9999984.42259
9999984.42295
9999984.42285
9999984.42415
9999984.42259
9999984.42586
9999984.42298
9999984.42254
9999984.42149
9999984.42185
9999984.42242
9999984.42189
9999984.42117
9999984.41914
9999984.42218
9999984.42323
9999984.42029
9999984.41894
9999984.41979
9999984.41943
9999984.41888
9999984.42114
9999984.42050
9999984.42048
9999984.42023
9999984.41855
9999984.42096
9999984.41902
9999984.42147
9999984.42182
9999984.42044
9999984.42134
9999984.42193
9999984.42308
9999984.42554
9999984.42214
9999984.42487
9999984.42370
9999984.42226
9999984.42380
9999984.42435
9999984.42505
9999984.42363
9999984.42375
9999984.42443
9999984.42498
9999984.42438
9999984.42556
9999984.42654
9999984.42458
9999984.42539
9999984.42690
9999984.42352
9999984.42377
9999984.42498
9999984.42309
9999984.42264
9999984.42382
9999984.42168
9999984.42485
9999984.42124
9999984.42378
9999984.42139
9999984.42132
9999984.42197
9999984.42140
9999984.42106
9999984.41942
9999984.42152
9999984.42227
9999984.42114
9999984.42044
9999984.42241
9999984.42244
9999984.42477
9999984.42389
9999984.42668
9999984.42411
9999984.42566
9999984.42512
9999984.42516
9999984.42336
9999984.42497
9999984.42710
9999984.42614
9999984.42521
9999984.42795
9999984.42638
9999984.42682
9999984.42673
9999984.42974
9999984.42693
9999984.42736
9999984.42720
9999984.42607
9999984.42612
9999984.42337
9999984.42697
9999984.42570
9999984.42559
9999984.42415
9999984.42542
9999984.42484
9999984.42501
9999984.42559
9999984.42450
9999984.42569
9999984.42586
9999984.42849
9999984.42552
9999984.42575
9999984.42603
9999984.42581
9999984.42745
9999984.42800
9999984.42946
9999984.42858
9999984.42878
9999984.42771
9999984.42996
9999984.42889
9999984.43137
9999984.43021
9999984.43128
9999984.43205
9999984.43022
9999984.43178
9999984.42966
9999984.42896
9999984.43335
9999984.43184
9999984.43071
9999984.43189
9999984.43134
9999984.42779
9999984.42842
9999984.42927
9999984.42760
9999984.42592
9999984.42836
9999984.42850
9999984.42728
9999984.42715
9999984.42873
9999984.42817
9999984.43036
9999984.42914
9999984.43010
9999984.43136
9999984.43001
9999984.43137
9999984.43211
9999984.43292
9999984.43328
9999984.43462
9999984.43468
9999984.43532
9999984.43549
9999984.43380
9999984.43310
9999984.43462
9999984.43418
9999984.43356
9999984.43322
9999984.43384
9999984.43322
9999984.43212
9999984.43368
9999984.43240
9999984.43523
9999984.43551
9999984.43229
9999984.43119
9999984.43279
9999984.43131
9999984.43178
9999984.43045
9999984.43018
9999984.43087
9999984.43163
9999984.43396
9999984.43346
9999984.43396
9999984.43125
9999984.43147
9999984.43162
9999984.43196
9999984.43333
9999984.43343
9999984.43533
9999984.43609
9999984.43595
9999984.43661
9999984.43733
9999984.43876
9999984.43883
9999984.43878
9999984.43806
9999984.44011
9999984.43861
9999984.43823
9999984.44116
9999984.44004
9999984.44007
9999984.43877
9999984.43814
9999984.43761
9999984.43627
9999984.43628
9999984.43543
9999984.43622
9999984.43493
9999984.43474
9999984.43808
9999984.43938
9999984.44046
9999984.43974
9999984.44027
9999984.44245
9999984.44268
9999984.44151
9999984.44134
9999984.44127
9999984.44088
9999984.44001
9999984.43994
9999984.43899
9999984.43749
9999984.43801
9999984.43758
9999984.43634
9999984.43507
9999984.43404
9999984.43577
9999984.43605
9999984.43443
9999984.43706
9999984.43702
9999984.43982
9999984.43843
9999984.44025
9999984.44119
9999984.44011
9999984.44074
9999984.44229
9999984.44328
9999984.44158
9999984.44150
9999984.44058
9999984.43965
9999984.43931
9999984.43809
9999984.43700
9999984.43854
9999984.43839
9999984.43866
9999984.43797
9999984.43961
9999984.43775
9999984.44294
9999984.44114
9999984.43953
9999984.43918
9999984.43853
9999984.43934
9999984.44006
9999984.44120
9999984.44262
9999984.44319
9999984.44099
9999984.44167
9999984.44287
9999984.44212
9999984.44393
9999984.44223
9999984.44284
9999984.44136
9999984.44156
9999984.43993
9999984.44072
9999984.44107
9999984.44070
9999984.44061
9999984.44176
9999984.44102
9999984.44399
9999984.44534
9999984.44449
9999984.44719
9999984.44631
9999984.44624
9999984.44565
9999984.44751
9999984.44831
9999984.44689
9999984.44705
9999984.44615
9999984.44502
9999984.44306
9999984.44476
9999984.44343
9999984.44395
9999984.44607
9999984.44477
9999984.44657
9999984.44571
9999984.44666
9999984.45038
9999984.44873
9999984.44900
9999984.44999
9999984.44904
9999984.44942
9999984.44833
9999984.44818
9999984.44627
9999984.44751
9999984.44732
9999984.44374
9999984.44697
9999984.44451
9999984.44317
9999984.44533
9999984.44579
9999984.44930
9999984.44852
9999984.44832
9999984.44898
9999984.45142
9999984.45041
9999984.45199
9999984.45272
9999984.45244
9999984.45154
9999984.44954
9999984.44973
9999984.44957
9999984.44725
9999984.44607
9999984.44866
9999984.44696
9999984.44734
9999984.44685
9999984.44695
9999984.44608
9999984.44751
9999984.44925
9999984.44776
9999984.44999
9999984.44849
9999984.44994
9999984.45176
9999984.44845
9999984.45220
9999984.45036
9999984.45121
9999984.45018
9999984.44892
9999984.44810
9999984.44561
9999984.44742
9999984.44610
9999984.44645
9999984.44822
9999984.44847
9999984.44826
9999984.44876
9999984.44963
9999984.44945
9999984.44983
9999984.45078
9999984.45021
9999984.45096
9999984.45110
9999984.44928
9999984.44789
9999984.44796
9999984.44717
9999984.44471
9999984.44594
9999984.44570
9999984.44565
9999984.44338
9999984.44552
9999984.44503
9999984.44383
9999984.44368
9999984.44483
9999984.44303
9999984.44609
9999984.44500
9999984.44502
9999984.44748
9999984.44874
9999984.44751
9999984.44771
9999984.44874
9999984.44734
9999984.44743
9999984.44639
9999984.44702
9999984.44576
9999984.44599
9999984.44554
9999984.44268
9999984.44262
9999984.44560
9999984.44381
9999984.44491
9999984.44346
9999984.44734
9999984.44555
9999984.44662
9999984.44773
9999984.44798
9999984.44826
9999984.44477
9999984.44881
9999984.44691
9999984.44730
9999984.44657
9999984.44662
9999984.44526
9999984.44452
9999984.44247
9999984.44541
9999984.44366
9999984.44282
9999984.44397
9999984.44402
9999984.44435
9999984.44685
9999984.44675
9999984.44420
9999984.44650
9999984.44710
9999984.44806
9999984.44965
9999984.44950
9999984.44918
9999984.44987
9999984.44878
9999984.44657
9999984.44521
9999984.44344
9999984.44740
9999984.44303
9999984.44622
9999984.44369
9999984.44504
9999984.44470
9999984.44806
9999984.44633
9999984.44803
9999984.44841
9999984.44764
9999984.44863
9999984.45041
9999984.44623
9999984.44757
9999984.44702
9999984.44470
9999984.44426
9999984.44511
9999984.44445
9999984.44481
9999984.44233
9999984.44258
9999984.44219
9999984.44215
9999984.44237
9999984.44244
9999984.44409
9999984.44226
9999984.44332
9999984.44458
9999984.44393
9999984.44192
9999984.44496
9999984.44564
9999984.44406
9999984.44705
9999984.44704
9999984.44587
9999984.44378
9999984.44401
9999984.44134
9999984.44236
9999984.44329
9999984.44270
9999984.43999
9999984.43981
9999984.44107
9999984.43947
9999984.43822
9999984.43925
9999984.44038
9999984.44078
9999984.43910
9999984.44125
9999984.44139
9999984.44302
9999984.44320
9999984.44296
9999984.44172
9999984.44431
9999984.44307
9999984.44402
9999984.44194
9999984.44075
9999984.44021
9999984.43922
9999984.43864
9999984.43763
9999984.44067
9999984.43810
9999984.44020
9999984.43949
9999984.43897
9999984.43861
9999984.43868
9999984.43818
9999984.43960
9999984.43979
9999984.43960
9999984.44061
9999984.44111
9999984.44202
9999984.44186
9999984.44232
9999984.44308
9999984.44224
9999984.44213
9999984.44114
9999984.44211
9999984.44420
9999984.44535
9999984.44339
9999984.44282
9999984.44470
9999984.44266
9999984.44497
9999984.44436
9999984.44371
9999984.44396
9999984.44473
9999984.44374
9999984.44417
9999984.44305
9999984.44119
9999984.44278
9999984.44099
9999984.44266
9999984.44050
9999984.44289
9999984.44119
9999984.44447
9999984.44389
9999984.44587
9999984.44559
9999984.44686
9999984.44652
9999984.44704
9999984.44690
9999984.44832
9999984.44736
9999984.44748
9999984.44720
9999984.44740
9999984.44676
9999984.44687
9999984.44671
9999984.44849
9999984.44701
9999984.44777
9999984.44483
9999984.44657
9999984.44634
9999984.44630
9999984.44492
9999984.44555
9999984.44420
9999984.44522
9999984.44639
9999984.44879
9999984.44922
9999984.44802
9999984.44922
9999984.44888
9999984.44999
9999984.45188
9999984.44983
9999984.44920
9999984.44877
9999984.44656
9999984.44729
9999984.44656
9999984.44853
9999984.44679
9999984.44817
9999984.44693
9999984.44933
9999984.44696
9999984.44786
9999984.45028
9999984.44922
9999984.44987
9999984.44972
9999984.45393
9999984.45068
9999984.45229
9999984.45159
9999984.45216
9999984.45107
9999984.45078
9999984.45042
9999984.44944
9999984.45079
9999984.44880
9999984.44928
9999984.44735
9999984.44771
9999984.44859
9999984.45077
9999984.45051
9999984.45051
9999984.45129
9999984.45029
9999984.45048
9999984.45071
9999984.44932
9999984.44987
9999984.44914
9999984.44856
9999984.44669
9999984.44666
9999984.44592
9999984.44841
9999984.44741
9999984.44852
9999984.44836
9999984.44711
9999984.44719
9999984.44917
9999984.44668
9999984.44908
9999984.44945
9999984.44948
9999984.45124
9999984.45169
9999984.45169
9999984.45041
9999984.45221
9999984.44908
9999984.44886
9999984.45236
9999984.45207
9999984.44909
9999984.44961
9999984.44805
9999984.44975
9999984.44834
9999984.44870
9999984.45186
9999984.44828
9999984.45120
9999984.45125
9999984.45352
9999984.45715
9999984.45434
9999984.45555
9999984.45464
9999984.45377
9999984.45212
9999984.45095
9999984.44977
9999984.45366
9999984.44907
9999984.45079
9999984.45087
9999984.44933
9999984.45145
9999984.45019
9999984.45011
9999984.45065
9999984.45057
9999984.45340
9999984.45251
9999984.45057
9999984.45401
9999984.45422
9999984.45396
9999984.45301
9999984.45403
9999984.45275
9999984.45370
9999984.45209
9999984.45223
9999984.44964
9999984.45138
9999984.44916
9999984.44981
9999984.44909
9999984.45209
9999984.45197
9999984.45200
9999984.45377
9999984.45270
9999984.45331
9999984.45394
9999984.45376
9999984.45383
9999984.45153
9999984.45368
9999984.45337
9999984.45246
9999984.45036
9999984.45104
9999984.45098
9999984.45373
9999984.45136
9999984.45050
9999984.45085
9999984.45054
9999984.45123
9999984.44953
9999984.45356
9999984.45403
9999984.45550
9999984.45288
9999984.45732
9999984.45642
9999984.45625
9999984.45518
9999984.45563
9999984.45425
9999984.45449
9999984.45364
9999984.45486
9999984.45480
9999984.45347
9999984.45608
9999984.45642
9999984.45852
9999984.45790
9999984.45891
9999984.45974
9999984.45921
9999984.45812
9999984.46062
9999984.46016
9999984.45798
9999984.45576
9999984.45804
9999984.45708
9999984.45632
9999984.45503
9999984.45641
9999984.45662
9999984.45985
9999984.46052
9999984.46145
9999984.46034
9999984.45866
9999984.46049
9999984.45904
9999984.45763
9999984.45684
9999984.45637
9999984.45780
9999984.45605
9999984.45691
9999984.45625
9999984.45538
9999984.45724
9999984.45594
9999984.45721
9999984.46077
9999984.45784
9999984.45970
9999984.45979
9999984.45987
9999984.46112
9999984.46000
9999984.46037
9999984.45853
9999984.45960
9999984.46080
9999984.45994
9999984.45900
9999984.45564
9999984.45788
9999984.45644
9999984.45813
9999984.45806
9999984.45989
9999984.46223
9999984.46116
9999984.46288
9999984.46544
9999984.46150
9999984.46313
9999984.46228
9999984.46177
9999984.45892
9999984.46044
9999984.45965
9999984.46021
9999984.46169
9999984.46411
9999984.46476
9999984.46363
9999984.46499
9999984.46487
9999984.46526
9999984.46487
9999984.46207
9999984.46247
9999984.46289
9999984.46123
9999984.46083
9999984.46055
9999984.45991
9999984.46554
9999984.46249
9999984.46454
9999984.46768
9999984.46767
9999984.46508
9999984.46555
9999984.46491
9999984.46170
9999984.46156
9999984.46086
9999984.46161
9999984.45943
9999984.46131
9999984.46290
9999984.46569
9999984.46712
9999984.46687
9999984.46579
9999984.46570
9999984.46270
9999984.46425
9999984.46064
9999984.45925
9999984.45946
9999984.45750
9999984.46147
9999984.45936
9999984.46277
9999984.46195
9999984.46328
9999984.46108
9999984.46244
9999984.46297
9999984.46346
9999984.46399
9999984.46538
9999984.46317
9999984.46385
9999984.46339
9999984.46266
9999984.46038
9999984.45847
9999984.46146
9999984.46047
9999984.46035
9999984.46316
9999984.46091
9999984.46240
9999984.46504
9999984.46559
9999984.46610
9999984.46641
9999984.46510
9999984.46463
9999984.46538
9999984.46439
9999984.46454
9999984.46231
9999984.46198
9999984.46044
9999984.46151
9999984.46096
9999984.45999
9999984.46214
9999984.46422
9999984.46516
9999984.46939
9999984.46726
9999984.46558
9999984.46600
9999984.46482
9999984.46399
9999984.46396
9999984.46265
9999984.46230
9999984.46252
9999984.46109
9999984.46226
9999984.46237
9999984.46374
9999984.46333
9999984.46862
9999984.46521
9999984.46795
9999984.46565
9999984.46428
9999984.46650
9999984.46409
9999984.46070
9999984.46288
9999984.46320
9999984.46138
9999984.46168
9999984.46117
9999984.46087
9999984.46030
9999984.46291
9999984.46370
9999984.46596
9999984.46765
9999984.46583
9999984.46501
9999984.46538
9999984.46560
9999984.46456
9999984.46309
9999984.46228
9999984.46156
9999984.46209
9999984.46266
9999984.46163
9999984.46078
9999984.46366
9999984.46420
9999984.46387
9999984.46664
9999984.46693
9999984.46590
9999984.46298
9999984.46365
9999984.46280
9999984.46249
9999984.46342
9999984.46306
9999984.46399
9999984.46261
9999984.46472
9999984.46457
9999984.46482
9999984.46626
9999984.46885
9999984.47013
9999984.46947
9999984.46565
9999984.46882
9999984.46398
9999984.46302
9999984.46314
9999984.46345
9999984.46406
9999984.46286
9999984.46620
9999984.46605
9999984.46663
9999984.46660
9999984.46682
9999984.46705
9999984.46792
9999984.46698
9999984.46818
9999984.46878
9999984.46829
9999984.46448
9999984.46448
9999984.46374
9999984.46365
9999984.46166
9999984.46270
9999984.46204
9999984.46363
9999984.46457
9999984.46523
9999984.46585
9999984.46704
9999984.46499
9999984.46671
9999984.46433
9999984.46516
9999984.46335
9999984.46382
9999984.46284
9999984.46056
9999984.46000
9999984.45876
9999984.46000
9999984.46236
9999984.46331
9999984.46366
9999984.46435
9999984.46388
9999984.46535
9999984.46528
9999984.46113
9999984.46152
9999984.45917
9999984.45865
9999984.45933
9999984.45831
9999984.46111
9999984.46053
9999984.46051
9999984.46035
9999984.46307
9999984.46085
9999984.46181
9999984.46071
9999984.46108
9999984.45710
9999984.45844
9999984.46057
9999984.45699
9999984.45702
9999984.45966
9999984.46213
9999984.46120
9999984.46351
9999984.46240
9999984.46104
9999984.46113
9999984.46160
9999984.46069
9999984.45737
9999984.45810
9999984.45852
9999984.45928
9999984.45807
9999984.45883
9999984.46253
9999984.46354
9999984.46487
9999984.46468
9999984.46363
9999984.46388
9999984.46254
9999984.46057
9999984.46130
9999984.45863
9999984.46156
9999984.46294
9999984.46117
9999984.46152
9999984.46465
9999984.46205
9999984.46371
9999984.46556
9999984.46840
9999984.46852
9999984.46675
9999984.46861
9999984.46876
9999984.46576
9999984.46781
9999984.46757
9999984.46785
9999984.46499
9999984.46451
9999984.46233
9999984.46512
9999984.46549
9999984.46694
9999984.46631
9999984.46925
9999984.47030
9999984.46972
9999984.46939
9999984.46833
9999984.46712
9999984.46503
9999984.46496
9999984.46320
9999984.46308
9999984.46436
9999984.46371
9999984.46442
9999984.46629
9999984.46698
9999984.46831
9999984.46997
9999984.47110
9999984.46601
9999984.46624
9999984.46476
9999984.46627
9999984.46384
9999984.46672
9999984.46421
9999984.46460
9999984.46518
9999984.46772
9999984.46783
9999984.46678
9999984.46909
9999984.47007
9999984.47085
9999984.46847
9999984.46697
9999984.46881
9999984.46572
9999984.46318
9999984.46422
9999984.46426
9999984.46399
9999984.46671
9999984.46734
9999984.46976
9999984.46983
9999984.47016
9999984.46957
9999984.47025
9999984.46819
9999984.46627
9999984.46628
9999984.46527
9999984.46466
9999984.46275
9999984.46571
9999984.46637
9999984.47017
9999984.47024
9999984.47148
9999984.47088
9999984.46904
9999984.46865
9999984.46795
9999984.46928
9999984.46744
9999984.46666
9999984.46594
9999984.47036
9999984.46865
9999984.47079
9999984.47256
9999984.47176
9999984.47465
9999984.47114
9999984.47116
9999984.46933
9999984.46867
9999984.46701
9999984.46710
9999984.46877
9999984.46818
9999984.46802
9999984.47122
9999984.46812
9999984.47071
9999984.47002
9999984.47177
9999984.47076
9999984.46981
9999984.46828
9999984.46711
9999984.46512
9999984.46648
9999984.46503
9999984.46803
9999984.46940
9999984.46835
9999984.46969
9999984.46977
9999984.47076
9999984.47220
9999984.47168
9999984.47051
9999984.46724
9999984.46757
9999984.46716
9999984.46705
9999984.46780
9999984.47009
9999984.47289
9999984.47299
9999984.47410
9999984.47427
9999984.47368
9999984.47374
9999984.47070
9999984.46966
9999984.46920
9999984.47118
9999984.46994
9999984.47187
9999984.47155
9999984.47477
9999984.47503
9999984.47700
9999984.47518
9999984.47520
9999984.47326
9999984.47182
9999984.47072
9999984.47161
9999984.47095
9999984.47321
9999984.47239
9999984.47347
9999984.47404
9999984.47586
9999984.47805
9999984.47794
9999984.47678
9999984.47599
9999984.47657
9999984.47400
9999984.47232
9999984.47338
9999984.47233
9999984.47470
9999984.47626
9999984.47676
9999984.47689
9999984.47717
9999984.47623
9999984.47502
9999984.47306
9999984.47066
9999984.47029
9999984.47061
9999984.46986
9999984.47301
9999984.47553
9999984.47497
9999984.47378
9999984.47611
9999984.47423
9999984.47369
9999984.47353
9999984.47475
9999984.47332
9999984.47264
9999984.47179
9999984.47439
9999984.47317
9999984.47420
9999984.47614
9999984.47494
9999984.47661
9999984.47522
9999984.47465
9999984.47396
9999984.47316
9999984.47221
9999984.47265
9999984.47155
9999984.47240
9999984.47425
9999984.47344
9999984.47621
9999984.47779
9999984.47789
9999984.47677
9999984.47666
9999984.47489
9999984.47328
9999984.47349
9999984.47481
9999984.47387
9999984.47525
9999984.47702
9999984.47630
9999984.47736
9999984.47627
9999984.47659
9999984.47427
9999984.47312
9999984.47335
9999984.47086
9999984.47307
9999984.47184
9999984.47528
9999984.47545
9999984.47600
9999984.47508
9999984.47403
9999984.47346
9999984.47559
9999984.47162
9999984.47105
9999984.47055
9999984.47097
9999984.47151
9999984.47250
9999984.47585
9999984.47761
9999984.47691
9999984.47593
9999984.47290
9999984.47395
9999984.47172
9999984.47228
9999984.47118
9999984.47095
9999984.47196
9999984.47372
9999984.47627
9999984.47671
9999984.47678
9999984.47843
9999984.47683
9999984.47667
9999984.47365
9999984.47271
9999984.47245
9999984.47268
9999984.47199
9999984.47323
9999984.47329
9999984.47665
9999984.47641
9999984.47761
9999984.47769
9999984.47580
9999984.47495
9999984.47318
9999984.47238
9999984.47093
9999984.47158
9999984.47183
9999984.47057
9999984.47415
9999984.47485
9999984.47175
9999984.47383
9999984.47304
9999984.47380
9999984.47384
9999984.47306
9999984.47441
9999984.47456
9999984.47214
9999984.47132
9999984.46964
9999984.47026
9999984.46855
9999984.46994
9999984.47101
9999984.47202
9999984.47287
9999984.47558
9999984.47324
9999984.47341
9999984.47136
9999984.47029
9999984.47080
9999984.46902
9999984.47248
9999984.46895
9999984.47083
9999984.47209
9999984.47205
9999984.47323
9999984.47412
9999984.47423
9999984.47203
9999984.47273
9999984.47229
9999984.47150
9999984.46996
9999984.46866
9999984.46759
9999984.46669
9999984.46728
9999984.46796
9999984.47130
9999984.47060
9999984.47137
9999984.47257
9999984.47315
9999984.47268
9999984.47224
9999984.46982
9999984.46869
9999984.46786
9999984.46811
9999984.46676
9999984.46897
9999984.46967
9999984.47223
9999984.47173
9999984.47314
9999984.47140
9999984.46967
9999984.47008
9999984.46827
9999984.46961
9999984.46583
9999984.46546
9999984.46730
9999984.46897
9999984.46784
9999984.46993
9999984.47017
9999984.47296
9999984.47222
9999984.47156
9999984.47190
9999984.47007
9999984.47069
9999984.47066
9999984.46869
9999984.46716
9999984.46768
9999984.46685
9999984.46915
9999984.46964
9999984.47008
9999984.46967
9999984.47243
9999984.47314
9999984.47158
9999984.47230
9999984.47220
9999984.47092
9999984.46976
9999984.46997
9999984.46509
9999984.46541
9999984.46610
9999984.46768
9999984.46572
9999984.46709
9999984.46970
9999984.46881
9999984.47056
9999984.47055
9999984.47136
9999984.46901
9999984.47022
9999984.47064
9999984.47144
9999984.46924
9999984.46793
9999984.46966
9999984.46859
9999984.46800
9999984.46768
9999984.46616
9999984.46744
9999984.46876
9999984.46998
9999984.47146
9999984.47280
9999984.47321
9999984.47264
9999984.47378
9999984.47236
9999984.47056
9999984.47007
9999984.46792
9999984.46909
9999984.46871
9999984.46681
9999984.46930
9999984.47034
9999984.47118
9999984.47118
9999984.47287
9999984.47359
9999984.46963
9999984.46831
9999984.46826
9999984.46841
9999984.46727
9999984.46771

