199999690.5722
10000000.0016
10000000.0018
9999999.9996
9999999.9995
9999999.9998
9999999.9999
10000000.0005
9999999.9990
10000000.0001
9999999.9998
10000000.0002
9999999.9983
10000000.0013
9999999.9986
10000000.0001
9999999.9997
9999999.9993
9999999.9993
10000000.0002
9999999.9998
9999999.9985
10000000.0002
10000000.0000
10000000.0000
9999999.9992
10000000.0019
9999999.9984
10000000.0006
9999999.9993
10000000.0000
10000000.0012
10000000.0004
9999999.9992
9999999.9998
9999999.9993
9999999.9980
10000000.0000
9999999.9987
10000000.0007
10000000.0002
10000000.0000
10000000.0011
9999999.9993
9999999.9997
9999999.9991
10000000.0010
10000000.0007
9999999.9980
9999999.9991
10000000.0002
9999999.9996
10000000.0015
10000000.0000
9999999.9985
9999999.9990
9999999.9982
9999999.9999
10000000.0003
9999999.9973
10000000.0006
9999999.9995
9999999.9986
9999999.9995
9999999.9999
10000000.0003
9999999.9987
10000000.0001
10000000.0007
9999999.9987
9999999.9996
9999999.9991
9999999.9958
9999999.9979
9999999.9975
9999999.9995
9999999.9997
9999999.9976
10000000.0009
9999999.9987
10000000.0000
9999999.9992
9999999.9996
9999999.9990
10000000.0001
10000000.0002
10000000.0003
9999999.9966
10000000.0017
10000000.0008
10000000.0007
9999999.9982
9999999.9993
10000000.0008
9999999.9982
9999999.9996
10000000.0006
10000000.0004
9999999.9982
10000000.0003
10000000.0008
9999999.9993
10000000.0005
10000000.0004
9999999.9988
10000000.0007
10000000.0009
9999999.9986
10000000.0003
9999999.9990
10000000.0001
9999999.9994
10000000.0007
10000000.0002
10000000.0002
10000000.0006
9999999.9996
10000000.0005
9999999.9998
9999999.9993
10000000.0003
9999999.9993
10000000.0005
10000000.0014
10000000.0000
9999999.9993
9999999.9993
9999999.9991
10000000.0004
10000000.0011
10000000.0002
9999999.9987
10000000.0012
9999999.9990
9999999.9993
10000000.0019
9999999.9999
10000000.0002
9999999.9996
10000000.0005
10000000.0013
10000000.0010
9999999.9999
9999999.9992
10000000.0017
9999999.9989
10000000.0001
10000000.0000
9999999.9991
9999999.9988
10000000.0000
9999999.9999
10000000.0009
10000000.0011
9999999.9988
9999999.9996
9999999.9994
10000000.0006
10000000.0000
10000000.0013
10000000.0012
9999999.9998
9999999.9998
10000000.0010
9999999.9990
10000000.0012
10000000.0027
9999999.9997
10000000.0010
10000000.0009
10000000.0002
9999999.9993
10000000.0008
10000000.0003
10000000.0010
9999999.9992
10000000.0000
9999999.9999
9999999.9987
10000000.0009
9999999.9997
9999999.9987
9999999.9986
9999999.9983
10000000.0003
9999999.9999
9999999.9984
9999999.9995
10000000.0001
10000000.0003
9999999.9991
10000000.0017
10000000.0012
10000000.0005
9999999.9990
9999999.9999
9999999.9991
10000000.0021
10000000.0009
10000000.0011
9999999.9980
9999999.9995
9999999.9996
10000000.0002
9999999.9993
10000000.0013
10000000.0018
9999999.9992
9999999.9988
10000000.0002
9999999.9989
9999999.9987
9999999.9994
10000000.0009
9999999.9990
10000000.0006
9999999.9989
9999999.9997
9999999.9992
9999999.9991
10000000.0018
9999999.9989
10000000.0010
9999999.9992
10000000.0011
9999999.9989
10000000.0010
9999999.9980
10000000.0011
10000000.0023
9999999.9987
10000000.0008
10000000.0007
9999999.9984
10000000.0002
9999999.9987
9999999.9983
10000000.0000
9999999.9994
9999999.9978
9999999.9993
10000000.0011
10000000.0009
9999999.9996
9999999.9996
9999999.9998
10000000.0003
10000000.0008
9999999.9959
10000000.0003
9999999.9969
9999999.9994
10000000.0016
10000000.0013
9999999.9993
10000000.0001
9999999.9992
9999999.9989
9999999.9993
9999999.9986
9999999.9973
9999999.9996
10000000.0008
9999999.9997
10000000.0000
9999999.9991
9999999.9998
10000000.0026
10000000.0013
10000000.0005
9999999.9993
10000000.0001
10000000.0011
10000000.0000
9999999.9998
9999999.9993
10000000.0004
10000000.0003
10000000.0005
10000000.0010
9999999.9996
9999999.9992
9999999.9989
9999999.9994
9999999.9995
10000000.0007
10000000.0004
9999999.9989
9999999.9993
9999999.9991
9999999.9998
9999999.9993
9999999.9989
9999999.9983
9999999.9992
10000000.0003
9999999.9991
9999999.9994
9999999.9998
10000000.0010
9999999.9992
10000000.0007
9999999.9988
10000000.0007
10000000.0002
9999999.9987
9999999.9994
9999999.9986
9999999.9997
9999999.9994
10000000.0012
9999999.9994
10000000.0003
10000000.0000
9999999.9989
10000000.0004
9999999.9996
10000000.0000
9999999.9996
10000000.0006
10000000.0005
10000000.0010
10000000.0007
10000000.0011
10000000.0012
10000000.0001
10000000.0000
10000000.0016
9999999.9998
10000000.0005
10000000.0018
9999999.9999
9999999.9995
10000000.0008
10000000.0005
10000000.0000
10000000.0013
10000000.0015
10000000.0017
10000000.0011
10000000.0005
10000000.0000
9999999.9995
9999999.9993
10000000.0019
10000000.0005
10000000.0005
10000000.0016
9999999.9993
10000000.0002
10000000.0020
9999999.9982
9999999.9999
9999999.9994
9999999.9999
9999999.9990
10000000.0020
9999999.9997
9999999.9994
10000000.0016
10000000.0010
9999999.9994
10000000.0025
9999999.9990
10000000.0004
10000000.0018
9999999.9993
10000000.0011
10000000.0005
10000000.0003
10000000.0000
9999999.9995
10000000.0006
9999999.9994
10000000.0010
9999999.9984
10000000.0019
10000000.0012
9999999.9995
9999999.9989
10000000.0002
9999999.9985
10000000.0015
9999999.9996
10000000.0003
9999999.9991
10000000.0004
10000000.0018
10000000.0001
9999999.9981
10000000.0008
9999999.9977
10000000.0012
10000000.0004
10000000.0000
10000000.0001
9999999.9995
9999999.9981
9999999.9995
10000000.0016
10000000.0095
9999999.9999
10000000.0005
9999999.9992
9999999.9979
9999999.9997
10000000.0010
10000000.0005
10000000.0001
10000000.0027
9999999.9995
9999999.9976
10000000.0013
9999999.9996
9999999.9999
10000000.0005
10000000.0002
9999999.9987
10000000.0016
9999999.9992
9999999.9995
9999999.9992
9999999.9991
10000000.0003
10000000.0021
9999999.9991
9999999.9998
10000000.0002
9999999.9938
10000000.0000
10000000.0004
10000000.0002
9999999.9996
9999999.9996
10000000.0014
10000000.0020
9999999.9995
9999999.9993
10000000.0001
10000000.0013
9999999.9996
9999999.9986
9999999.9996
10000000.0010
9999999.9997
10000000.0008
9999999.9972
9999999.9995
10000000.0001
9999999.9994
10000000.0005
9999999.9992
10000000.0014
9999999.9986
10000000.0019
9999999.9999
10000000.0002
9999999.9982
10000000.0000
9999999.9983
10000000.0020
9999999.9997
9999999.9997
9999999.9982
10000000.0009
10000000.0024
9999999.9977
10000000.0011
9999999.9989
9999999.9989
9999999.9983
9999999.9985
10000000.0007
10000000.0004
9999999.9998
10000000.0015
9999999.9994
10000000.0004
10000000.0015
10000000.0003
10000000.0016
10000000.0004
10000000.0002
9999999.9999
9999999.9983
9999999.9993
9999999.9988
9999999.9982
10000000.0009
9999999.9998
10000000.0005
9999999.9987
9999999.9982
9999999.9991
10000000.0003
9999999.9995
9999999.9988
9999999.9995
9999999.9998
10000000.0006
10000000.0015
9999999.9993
10000000.0003
9999999.9997
10000000.0016
10000000.0002
10000000.0022
10000000.0009
9999999.9982
10000000.0000
10000000.0017
9999999.9993
9999999.9998
9999999.9990
9999999.9994
9999999.9987
10000000.0004
10000000.0007
9999999.9998
9999999.9995
9999999.9989
9999999.9988
10000000.0010
9999999.9991
10000000.0016
9999999.9971
9999999.9987
10000000.0006
10000000.0010
9999999.9999
9999999.9980
9999999.9985
9999999.9998
10000000.0012
9999999.9997
9999999.9992
10000000.0007
10000000.0025
9999999.9997
10000000.0012
9999999.9996
9999999.9978
10000000.0002
10000000.0016
9999999.9996
10000000.0013
10000000.0009
9999999.9993
9999999.9987
9999999.9993
9999999.9998
10000000.0012
9999999.9990
9999999.9994
9999999.9996
10000000.0004
10000000.0015
9999999.9983
9999999.9988
10000000.0022
9999999.9986
10000000.0009
10000000.0005
9999999.9993
9999999.9986
10000000.0010
10000000.0014
9999999.9994
9999999.9998
9999999.9998
9999999.9990
10000000.0028
9999999.9990
10000000.0005
9999999.9978
10000000.0004
10000000.0003
9999999.9990
10000000.0001
10000000.0006
10000000.0001
9999999.9996
9999999.9994
10000000.0002
9999999.9990
9999999.9993
9999999.9987
9999999.9991
9999999.9992
10000000.0009
10000000.0004
9999999.9987
10000000.0002
10000000.0010
10000000.0002
10000000.0008
10000000.0000
9999999.9985
9999999.9997
9999999.9988
10000000.0008
9999999.9998
10000000.0003
9999999.9998
10000000.0010
9999999.9993
9999999.9997
10000000.0003
9999999.9973
9999999.9999
10000000.0007
9999999.9981
10000000.0006
9999999.9983
10000000.0015
10000000.0014
9999999.9986
10000000.0000
9999999.9977
10000000.0009
10000000.0003
10000000.0003
9999999.9987
10000000.0022
9999999.9990
9999999.9990
9999999.9980
9999999.9996
10000000.0008
9999999.9992
9999999.9998
9999999.9990
9999999.9991
10000000.0018
9999999.9996
9999999.9997
9999999.9986
9999999.9988
10000000.0010
10000000.0011
9999999.9998
9999999.9984
9999999.9989
10000000.0012
10000000.0003
10000000.0000
9999999.9992
10000000.0011
10000000.0006
9999999.9996
10000000.0003
9999999.9989
10000000.0007
9999999.9998
9999999.9989
9999999.9990
9999999.9998
9999999.9998
9999999.9999
10000000.0007
9999999.9999
10000000.0000
10000000.0005
9999999.9996
9999999.9998
10000000.0008
9999999.9998
10000000.0000
9999999.9996
10000000.0008
9999999.9989
9999999.9997
9999999.9990
10000000.0008
9999999.9999
9999999.9994
9999999.9997
9999999.9988
10000000.0001
10000000.0006
9999999.9997
9999999.9997
9999999.9995
9999999.9998
9999999.9989
10000000.0003
9999999.9992
9999999.9990
9999999.9987
10000000.0002
10000000.0003
10000000.0003
9999999.9986
9999999.9989
10000000.0006
9999999.9999
9999999.9996
10000000.0009
9999999.9993
9999999.9988
9999999.9997
10000000.0005
10000000.0001
10000000.0014
10000000.0011
10000000.0008
9999999.9995
9999999.9999
10000000.0002
10000000.0003
10000000.0014
9999999.9990
10000000.0011
9999999.9989
9999999.9988
10000000.0005
9999999.9996
9999999.9987
9999999.9992
9999999.9993
9999999.9996
10000000.0006
10000000.0001
10000000.0000
9999999.9999
9999999.9995
9999999.9991
9999999.9991
9999999.9993
10000000.0007
10000000.0004
10000000.0001
9999999.9994
9999999.9998
9999999.9999
10000000.0000
9999999.9996
9999999.9999
10000000.0002
9999999.9999
10000000.0004
9999999.9995
9999999.9991
9999999.9989
9999999.9996
10000000.0006
10000000.0000
9999999.9991
10000000.0002
9999999.9989
10000000.0001
10000000.0003
10000000.0002
9999999.9994
9999999.9992
9999999.9996
9999999.9984
10000000.0000
10000000.0001
10000000.0000
9999999.9996
10000000.0002
9999999.9991
9999999.9998
9999999.9995
9999999.9991
10000000.0000
10000000.0002
9999999.9988
9999999.9990
10000000.0003
10000000.0004
10000000.0008
9999999.9999
9999999.9999
9999999.9992
10000000.0008
10000000.0006
9999999.9986
10000000.0006
9999999.9991
9999999.9989
9999999.9994
9999999.9998
10000000.0008
9999999.9992
10000000.0008
9999999.9997
9999999.9997
10000000.0007
10000000.0010
9999999.9991
10000000.0001
9999999.9996
10000000.0003
9999999.9999
10000000.0007
10000000.0002
9999999.9998
10000000.0009
9999999.9998
9999999.9991
10000000.0007
9999999.9996
10000000.0005
9999999.9989
10000000.0006
9999999.9989
9999999.9992
10000000.0000
9999999.9993
9999999.9998
9999999.9996
10000000.0003
9999999.9994
9999999.9998
9999999.9998
9999999.9994
10000000.0004
9999999.9998
9999999.9992
10000000.0001
9999999.9995
9999999.9993
9999999.9984
9999999.9987
9999999.9996
9999999.9994
10000000.0002
10000000.0008
9999999.9995
10000000.0000
9999999.9998
9999999.9995
9999999.9998
10000000.0001
10000000.0005
9999999.9999
9999999.9993
9999999.9996
10000000.0004
9999999.9994
9999999.9993
9999999.9999
10000000.0006
9999999.9989
10000000.0006
9999999.9999
10000000.0001
9999999.9989
9999999.9994
10000000.0003
10000000.0002
9999999.9999
9999999.9993
10000000.0001
10000000.0002
9999999.9996
10000000.0001
9999999.9997
10000000.0005
10000000.0001
9999999.9996
10000000.0004
9999999.9997
10000000.0001
10000000.0009
9999999.9994
10000000.0003
10000000.0000
10000000.0005
9999999.9998
10000000.0002
10000000.0005
10000000.0000
9999999.9996
10000000.0000
10000000.0001
9999999.9998
9999999.9996
10000000.0003
10000000.0000
10000000.0005
10000000.0002
9999999.9995
9999999.9997
10000000.0003
9999999.9993
9999999.9997
9999999.9994
10000000.0006
9999999.9996
10000000.0001
9999999.9995
10000000.0001
10000000.0000
9999999.9999
10000000.0011
10000000.0006
9999999.9992
10000000.0001
9999999.9996
9999999.9997
10000000.0006
10000000.0001
9999999.9992
9999999.9996
10000000.0003
10000000.0009
9999999.9996
9999999.9995
9999999.9991
10000000.0004
9999999.9989
10000000.0004
9999999.9996
10000000.0005
10000000.0006
10000000.0005
10000000.0003
10000000.0002
10000000.0001
10000000.0002
10000000.0001
10000000.0005
9999999.9997
10000000.0004
9999999.9997
9999999.9996
9999999.9996
9999999.9997
10000000.0006
10000000.0002
9999999.9999
9999999.9992
10000000.0001
9999999.9991
10000000.0007
9999999.9997
10000000.0003
10000000.0000
10000000.0001
10000000.0005
10000000.0010
10000000.0009
10000000.0004
9999999.9997
10000000.0002
10000000.0002
9999999.9994
10000000.0001
9999999.9997
9999999.9992
9999999.9996
10000000.0005
10000000.0003
10000000.0005
9999999.9997
9999999.9999
9999999.9997
10000000.0002
10000000.0000
10000000.0001
10000000.0002
10000000.0009
9999999.9997
9999999.9995
9999999.9997
9999999.9992
10000000.0000
10000000.0006
10000000.0002
9999999.9994
10000000.0009
10000000.0000
10000000.0009
9999999.9995
9999999.9996
9999999.9991
10000000.0010
10000000.0003
10000000.0006
10000000.0002
9999999.9992
10000000.0003
10000000.0003
10000000.0000
10000000.0001
9999999.9999
10000000.0006
9999999.9998
9999999.9994
9999999.9997
9999999.9995
10000000.0001
9999999.9999
9999999.9999
9999999.9992
10000000.0002
9999999.9991
10000000.0001
9999999.9998
10000000.0001
9999999.9999
10000000.0006
9999999.9996
9999999.9991
10000000.0007
10000000.0007
9999999.9995
10000000.0004
10000000.0004
9999999.9993
10000000.0005
10000000.0012
9999999.9996
10000000.0003
9999999.9996
9999999.9992
10000000.0000
10000000.0004
10000000.0009
10000000.0003
10000000.0005
9999999.9991
9999999.9999
9999999.9996
10000000.0009
10000000.0005
10000000.0005
9999999.9998
9999999.9998
10000000.0001
10000000.0004
9999999.9999
9999999.9997
10000000.0012
10000000.0003
9999999.9992
9999999.9989
10000000.0013
10000000.0014
9999999.9999
10000000.0004
10000000.0000
9999999.9996
9999999.9997
10000000.0003
10000000.0006
9999999.9997
9999999.9997
10000000.0004
9999999.9999
9999999.9998
9999999.9993
9999999.9993
10000000.0005
9999999.9985
9999999.9995
10000000.0005
10000000.0003
10000000.0004
10000000.0000
10000000.0000
10000000.0001
10000000.0005
9999999.9992
10000000.0003
10000000.0000
9999999.9998
9999999.9996
9999999.9995
10000000.0003
9999999.9992
10000000.0005
10000000.0001
10000000.0000
9999999.9991
9999999.9989
10000000.0005
10000000.0001
10000000.0008
9999999.9997
9999999.9997
10000000.0003
10000000.0001
10000000.0008
9999999.9999
10000000.0008
9999999.9993
9999999.9998
10000000.0006
10000000.0005
10000000.0006
10000000.0001
9999999.9996
9999999.9993
9999999.9996
10000000.0004
9999999.9999
10000000.0004
9999999.9999
9999999.9992
10000000.0004
10000000.0000
10000000.0002
10000000.0000
10000000.0001
9999999.9992
9999999.9996
10000000.0002
9999999.9992
10000000.0004
10000000.0006
9999999.9987
10000000.0002
10000000.0000
10000000.0003
9999999.9999
9999999.9991
10000000.0006
9999999.9995
10000000.0000
9999999.9999
9999999.9999
10000000.0003
10000000.0004
9999999.9995
10000000.0001
10000000.0007
9999999.9991
9999999.9993
10000000.0006
9999999.9996
9999999.9993
10000000.0005
9999999.9999
9999999.9996
9999999.9996
10000000.0003
9999999.9994
9999999.9992
9999999.9996
10000000.0005
10000000.0006
9999999.9999
9999999.9994
9999999.9993
10000000.0003
10000000.0002
9999999.9993
10000000.0005
10000000.0000
9999999.9993
9999999.9996
10000000.0000
9999999.9999
10000000.0003
9999999.9998
9999999.9991
10000000.0001
10000000.0006
10000000.0000
10000000.0001
10000000.0005
9999999.9989
10000000.0009
9999999.9989
9999999.9994
9999999.9995
10000000.0001
9999999.9997
10000000.0008
9999999.9990
9999999.9981
10000000.0007
10000000.0000
9999999.9997
9999999.9989
10000000.0001
9999999.9999
9999999.9992
10000000.0003
10000000.0008
9999999.9998
9999999.9991
9999999.9983
10000000.0003
10000000.0011
10000000.0008
9999999.9996
10000000.0010
10000000.0001
9999999.9991
10000000.0003
9999999.9999
10000000.0001
9999999.9997
9999999.9998
10000000.0010
10000000.0009
9999999.9995
9999999.9995
9999999.9991
10000000.0001
9999999.9996
9999999.9994
10000000.0000
10000000.0003
9999999.9996
10000000.0003
10000000.0008
10000000.0000
10000000.0001
9999999.9997
9999999.9994
10000000.0000
9999999.9993
10000000.0004
9999999.9996
10000000.0002
10000000.0012
10000000.0000
9999999.9990
10000000.0003
10000000.0005
9999999.9997
10000000.0000
10000000.0005
10000000.0009
9999999.9996
10000000.0002
10000000.0003
10000000.0007
10000000.0007
10000000.0003
10000000.0004
10000000.0000
9999999.9999
10000000.0005
10000000.0002
10000000.0000
9999999.9995
10000000.0003
10000000.0001
9999999.9998
10000000.0014
9999999.9990
10000000.0007
10000000.0010
10000000.0009
10000000.0000
10000000.0004
9999999.9998
10000000.0001
10000000.0002
10000000.0014
9999999.9999
10000000.0002
9999999.9998
9999999.9999
10000000.0003
10000000.0002
10000000.0002
10000000.0013
10000000.0000
9999999.9982
9999999.9994
9999999.9990
9999999.9999
10000000.0000
9999999.9992
10000000.0006
10000000.0006
10000000.0001
10000000.0014
10000000.0005
10000000.0002
10000000.0001
9999999.9989
10000000.0005
9999999.9993
10000000.0000
10000000.0012
10000000.0008
10000000.0005
9999999.9989
10000000.0014
10000000.0003
10000000.0015
9999999.9989
9999999.9998
9999999.9999
10000000.0001
10000000.0005
10000000.0001
9999999.9998
9999999.9992
10000000.0000
10000000.0016
9999999.9999
10000000.0001
10000000.0008
10000000.0001
9999999.9995
10000000.0004
9999999.9992
10000000.0005
10000000.0005
9999999.9992
10000000.0003
9999999.9996
10000000.0001
10000000.0003
9999999.9992
9999999.9995
9999999.9991
9999999.9994
10000000.0012
10000000.0000
10000000.0005
10000000.0000
10000000.0000
10000000.0000
9999999.9998
10000000.0000
10000000.0000
9999999.9995
10000000.0006
9999999.9998
9999999.9995
9999999.9996
9999999.9996
10000000.0008
10000000.0005
10000000.0005
10000000.0008
9999999.9999
9999999.9998
9999999.9996
10000000.0007
10000000.0003
10000000.0005
9999999.9989
10000000.0001
9999999.9989
10000000.0005
10000000.0002
10000000.0005
9999999.9993
10000000.0001
9999999.9992
10000000.0006
9999999.9999
9999999.9999
10000000.0000
10000000.0007
9999999.9994
10000000.0001
9999999.9999
9999999.9995
9999999.9998
9999999.9993
9999999.9999
10000000.0002
10000000.0002
9999999.9999
9999999.9981
10000000.0002
9999999.9996
9999999.9997
9999999.9990
10000000.0003
10000000.0011
10000000.0016
10000000.0001
9999999.9998
10000000.0004
9999999.9987
10000000.0006
10000000.0002
10000000.0004
9999999.9993
10000000.0005
10000000.0000
9999999.9994
9999999.9998
9999999.9996
10000000.0000
10000000.0000
10000000.0006
10000000.0002
10000000.0003
10000000.0009
9999999.9996
10000000.0007
9999999.9998
10000000.0002
9999999.9999
9999999.9994
9999999.9995
10000000.0000
9999999.9994
9999999.9993
10000000.0008
9999999.9998
10000000.0001
10000000.0000
9999999.9998
10000000.0008
9999999.9994
10000000.0003
9999999.9995
10000000.0000
9999999.9994
9999999.9994
9999999.9998
9999999.9996
9999999.9994
9999999.9997
10000000.0005
9999999.9989
10000000.0006
9999999.9989
10000000.0002
9999999.9993
9999999.9999
10000000.0004
10000000.0001
9999999.9998
10000000.0004
9999999.9995
10000000.0004
9999999.9990
10000000.0000
9999999.9995
10000000.0002
10000000.0001
9999999.9996
9999999.9995
10000000.0001
10000000.0010
9999999.9998
10000000.0007
9999999.9999
9999999.9996
10000000.0003
9999999.9999
10000000.0000
9999999.9998
10000000.0001
10000000.0004
10000000.0005
10000000.0012
10000000.0010
9999999.9996
10000000.0002
9999999.9989
9999999.9999
10000000.0007
10000000.0005
10000000.0005
10000000.0008
9999999.9996
10000000.0006
9999999.9998
10000000.0002
10000000.0000
9999999.9997
10000000.0001
10000000.0007
10000000.0008
9999999.9984
10000000.0006
10000000.0009
9999999.9996
10000000.0003
10000000.0004
10000000.0003
10000000.0002
10000000.0005
10000000.0000
10000000.0001
10000000.0006
9999999.9988
10000000.0004
10000000.0006
10000000.0004
10000000.0000
10000000.0001
9999999.9987
10000000.0001
10000000.0017
9999999.9993
10000000.0005
9999999.9998
10000000.0002
10000000.0003
10000000.0004
10000000.0001
9999999.9999
9999999.9991
9999999.9997
10000000.0002
10000000.0004
9999999.9996
10000000.0000
9999999.9984
10000000.0008
9999999.9991
10000000.0002
10000000.0009
10000000.0006
9999999.9995
10000000.0007
10000000.0004
10000000.0010
9999999.9990
10000000.0005
10000000.0006
10000000.0010
9999999.9993
10000000.0005
9999999.9998
10000000.0007
10000000.0002
9999999.9997
9999999.9996
9999999.9993
10000000.0005
10000000.0003
10000000.0014
9999999.9998
9999999.9996
10000000.0017
10000000.0007
9999999.9992
10000000.0005
9999999.9999
10000000.0004
9999999.9993
9999999.9986
9999999.9993
10000000.0000
10000000.0002
10000000.0004
10000000.0013
9999999.9994
9999999.9999
10000000.0010
9999999.9994
10000000.0000
10000000.0013
10000000.0001
10000000.0008
9999999.9993
10000000.0002
9999999.9999
10000000.0000
9999999.9988
10000000.0001
9999999.9994
10000000.0013
9999999.9994
9999999.9994
10000000.0016
9999999.9992
9999999.9994
10000000.0006
9999999.9997
10000000.0013
10000000.0014
10000000.0002
10000000.0002
9999999.9991
9999999.9991
9999999.9993
10000000.0004
10000000.0005
10000000.0004
10000000.0013
10000000.0013
10000000.0010
10000000.0003
9999999.9994
10000000.0012
9999999.9984
10000000.0004
10000000.0001
9999999.9985
10000000.0006
10000000.0010
10000000.0006
9999999.9994
9999999.9995
10000000.0010
9999999.9999
10000000.0003
9999999.9989
9999999.9999
9999999.9990
10000000.0001
9999999.9989
10000000.0006
10000000.0000
9999999.9989
9999999.9998
10000000.0006
10000000.0000
10000000.0008
10000000.0007
10000000.0013
10000000.0001
10000000.0005
10000000.0016
10000000.0008
10000000.0012
10000000.0000
10000000.0006
10000000.0000
9999999.9992
9999999.9991
10000000.0015
10000000.0000
9999999.9984
9999999.9982
10000000.0006
9999999.9995
9999999.9991
10000000.0004
9999999.9995
9999999.9997
10000000.0001
9999999.9994
10000000.0006
10000000.0012
10000000.0012
9999999.9994
10000000.0002
10000000.0005
9999999.9998
10000000.0001
9999999.9986
9999999.9989
10000000.0002
10000000.0004
9999999.9996
9999999.9979
10000000.0014
10000000.0017
10000000.0014
10000000.0002
10000000.0000
10000000.0004
9999999.9983
9999999.9988
9999999.9990
10000000.0000
10000000.0012
9999999.9992
10000000.0003
10000000.0012
9999999.9996
9999999.9984
10000000.0012
10000000.0004
9999999.9994
10000000.0024
9999999.9990
10000000.0006
9999999.9989
9999999.9996
10000000.0012
10000000.0001
10000000.0001
9999999.9997
9999999.9998
10000000.0000
10000000.0001
10000000.0002
10000000.0003
10000000.0002
10000000.0008
9999999.9994
9999999.9997
9999999.9997
9999999.9984
9999999.9999
9999999.9991
10000000.0007
9999999.9995
9999999.9992
10000000.0019
10000000.0002
10000000.0001
9999999.9995
10000000.0006
10000000.0005
10000000.0006
9999999.9970
9999999.9995
10000000.0015
9999999.9993
9999999.9995
10000000.0010
10000000.0013
9999999.9991
10000000.0005
9999999.9989
9999999.9986
9999999.9993
10000000.0011
9999999.9993
9999999.9998
9999999.9991
10000000.0008
9999999.9989
10000000.0007
9999999.9992
9999999.9991
9999999.9987
10000000.0007
9999999.9998
9999999.9983
9999999.9982
10000000.0001
10000000.0001
9999999.9991
10000000.0011
9999999.9988
9999999.9996
10000000.0007
10000000.0002
9999999.9991
10000000.0002
10000000.0012
10000000.0001
9999999.9999
10000000.0000
9999999.9999
9999999.9991
10000000.0001
10000000.0013
10000000.0007
9999999.9991
9999999.9998
10000000.0005
10000000.0016
10000000.0008
9999999.9994
9999999.9992
9999999.9988
10000000.0006
10000000.0008
9999999.9979
10000000.0002
10000000.0018
10000000.0001
10000000.0006
9999999.9986
9999999.9989
9999999.9992
10000000.0011
10000000.0007
10000000.0006
9999999.9997
9999999.9998
10000000.0015
10000000.0001
10000000.0011
9999999.9996
10000000.0011
9999999.9994
9999999.9997
10000000.0012
9999999.9994
9999999.9996
9999999.9991
10000000.0015
9999999.9999
9999999.9994
9999999.9994
10000000.0000
9999999.9999
9999999.9984
9999999.9991
9999999.9997
10000000.0007
9999999.9999
9999999.9989
10000000.0001
9999999.9998
9999999.9995
10000000.0006
9999999.9998
9999999.9999
9999999.9999
9999999.9998
9999999.9999
10000000.0003
10000000.0004
9999999.9990
10000000.0009
9999999.9992
9999999.9990
9999999.9998
10000000.0018
9999999.9990
9999999.9993
10000000.0001
10000000.0013
10000000.0003
9999999.9990
9999999.9992
9999999.9986
9999999.9996
10000000.0002
10000000.0003
9999999.9997
10000000.0011
9999999.9991
10000000.0009
9999999.9987
10000000.0000
10000000.0011
10000000.0014
10000000.0003
10000000.0001
10000000.0002
10000000.0002
9999999.9999
10000000.0006
9999999.9997
9999999.9992
9999999.9984
10000000.0024
10000000.0006
9999999.9998
10000000.0004
9999999.9993
10000000.0006
10000000.0004
10000000.0000
9999999.9998
10000000.0001
10000000.0003
9999999.9998
10000000.0001
9999999.9992
9999999.9999
9999999.9990
9999999.9991
10000000.0010
10000000.0000
9999999.9992
9999999.9999
10000000.0005
9999999.9991
9999999.9998
10000000.0002
10000000.0006
10000000.0000
10000000.0008
10000000.0011
10000000.0008
9999999.9988
10000000.0009
10000000.0002
10000000.0013
9999999.9996
10000000.0008
10000000.0013
9999999.9996
10000000.0000
10000000.0001
9999999.9994
9999999.9994
9999999.9990
10000000.0000
10000000.0008
9999999.9990
10000000.0000
10000000.0013
9999999.9999
10000000.0008
10000000.0013
9999999.9998
9999999.9990
9999999.9999
10000000.0005
10000000.0006
10000000.0008
10000000.0006
9999999.9998
9999999.9995
10000000.0000
9999999.9996
9999999.9993
10000000.0001
10000000.0004
9999999.9992
10000000.0001
10000000.0002
10000000.0006
9999999.9996
9999999.9992
9999999.9999
10000000.0000
10000000.0005
9999999.9987
10000000.0006
10000000.0021
10000000.0010
10000000.0002
10000000.0002
9999999.9998
9999999.9998
9999999.9988
10000000.0012
10000000.0013
9999999.9997
10000000.0007
9999999.9994
9999999.9994
9999999.9992
10000000.0002
9999999.9998
10000000.0001
10000000.0004
9999999.9993
10000000.0010
10000000.0006
9999999.9999
10000000.0008
9999999.9994
10000000.0001
9999999.9989
9999999.9997
10000000.0004
10000000.0019
9999999.9994
10000000.0012
10000000.0001
10000000.0002
9999999.9993
10000000.0001
10000000.0000
9999999.9995
10000000.0006
10000000.0007
10000000.0008
9999999.9999
9999999.9986
10000000.0002
10000000.0023
9999999.9996
10000000.0008
10000000.0008
9999999.9990
10000000.0005
10000000.0014
9999999.9995
10000000.0004
10000000.0011
10000000.0005
10000000.0019
9999999.9995
9999999.9993
9999999.9989
10000000.0003
10000000.0007
10000000.0003
9999999.9997
10000000.0003
10000000.0000
9999999.9995
9999999.9997
9999999.9990
10000000.0007
10000000.0007
10000000.0009
9999999.9989
10000000.0004
10000000.0001
9999999.9989
10000000.0004
10000000.0001
9999999.9995
9999999.9996
10000000.0002
9999999.9992
10000000.0004
9999999.9996
9999999.9993
10000000.0006
9999999.9999
9999999.9992
10000000.0015
9999999.9996
9999999.9994
10000000.0000
9999999.9997
9999999.9997
9999999.9989
10000000.0016
10000000.0008
10000000.0005
9999999.9995
9999999.9997
9999999.9992
10000000.0000
10000000.0002
9999999.9998
10000000.0011
10000000.0002
9999999.9992
9999999.9988
10000000.0014
9999999.9982
9999999.9987
10000000.0002
9999999.9991
10000000.0005
9999999.9998
10000000.0019
10000000.0003
9999999.9997
10000000.0003
10000000.0006
10000000.0008
9999999.9988
9999999.9991
10000000.0019
10000000.0021
9999999.9994
9999999.9992
10000000.0005
10000000.0005
9999999.9996
10000000.0013
9999999.9972
10000000.0005
10000000.0006
10000000.0015
10000000.0005
10000000.0007
10000000.0011
9999999.9985
9999999.9980
9999999.9996
9999999.9995
10000000.0012
9999999.9992
10000000.0003
9999999.9982
9999999.9998
10000000.0005
10000000.0005
10000000.0000
9999999.9994
9999999.9984
10000000.0004
10000000.0018
10000000.0016
9999999.9998
10000000.0013
9999999.9998
9999999.9986
9999999.9997
9999999.9995
10000000.0010
10000000.0005
10000000.0020
9999999.9998
10000000.0006
10000000.0016
9999999.9989
10000000.0006
10000000.0002
10000000.0008
10000000.0005
10000000.0004
10000000.0002
10000000.0009
10000000.0009
9999999.9991
9999999.9998
10000000.0000
10000000.0018
9999999.9995
10000000.0007
9999999.9994
10000000.0002
9999999.9999
10000000.0000
10000000.0009
10000000.0017
10000000.0006
9999999.9991
9999999.9987
10000000.0000
10000000.0003
10000000.0013
10000000.0002
10000000.0013
10000000.0016
9999999.9990
10000000.0006
9999999.9975
9999999.9978
9999999.9990
10000000.0010
10000000.0000
10000000.0009
10000000.0002
10000000.0004
10000000.0005
10000000.0002
10000000.0005
9999999.9999
10000000.0010
9999999.9994
9999999.9996
10000000.0000
9999999.9998
9999999.9986
9999999.9989
9999999.9976
10000000.0007
10000000.0002
10000000.0002
9999999.9998
10000000.0025
9999999.9988
9999999.9984
9999999.9991
10000000.0004
10000000.0004
10000000.0015
9999999.9996
10000000.0001
10000000.0027
9999999.9985
10000000.0023
10000000.0004
9999999.9992
9999999.9999
9999999.9996
9999999.9998
9999999.9998
10000000.0000
9999999.9988
10000000.0001
10000000.0016
10000000.0000
9999999.9993
10000000.0002
9999999.9996
10000000.0005
9999999.9989
10000000.0018
9999999.9994
10000000.0003
9999999.9991
9999999.9988
9999999.9997
9999999.9998
9999999.9989
9999999.9993
9999999.9990
10000000.0004
10000000.0009
10000000.0007
9999999.9982
10000000.0000
9999999.9997
9999999.9985
10000000.0002
10000000.0016
9999999.9994
10000000.0003
10000000.0002
10000000.0008
10000000.0006
9999999.9993
10000000.0008
10000000.0004
9999999.9994
10000000.0004
9999999.9990
10000000.0007
9999999.9998
9999999.9988
9999999.9983
10000000.0012
9999999.9999
10000000.0003
10000000.0013
10000000.0000
9999999.9979
9999999.9997
10000000.0009
9999999.9984
9999999.9995
10000000.0006
9999999.9993
10000000.0005
9999999.9995
9999999.9998
10000000.0003
9999999.9994
9999999.9996
10000000.0002
9999999.9985
10000000.0002
9999999.9984
9999999.9995
9999999.9992
10000000.0009
9999999.9993
10000000.0000
9999999.9990
9999999.9995
9999999.9980
10000000.0010
9999999.9999
10000000.0014
10000000.0002
9999999.9981
9999999.9999
9999999.9990
9999999.9989
9999999.9994
10000000.0006
9999999.9999
9999999.9990
9999999.9996
10000000.0004
9999999.9998
10000000.0002
9999999.9994
9999999.9993
10000000.0019
9999999.9997
9999999.9999
10000000.0008
9999999.9995
9999999.9989
10000000.0000
9999999.9997
9999999.9998
9999999.9998
9999999.9997
9999999.9997
10000000.0005
9999999.9998
10000000.0005
10000000.0009
9999999.9998
10000000.0001
10000000.0002
9999999.9997
9999999.9994
10000000.0003
10000000.0003
10000000.0010
9999999.9998
10000000.0005
10000000.0000
9999999.9987
10000000.0000
10000000.0002
9999999.9998
10000000.0008
9999999.9992
10000000.0010
9999999.9985
9999999.9986
9999999.9994
9999999.9976
9999999.9992
9999999.9992
9999999.9997
10000000.0004
10000000.0013
10000000.0002
10000000.0001
9999999.9985
10000000.0010
10000000.0005
10000000.0007
9999999.9995
9999999.9996
10000000.0000
10000000.0003
9999999.9994
10000000.0006
10000000.0008
10000000.0004
9999999.9997
10000000.0007
10000000.0009
9999999.9991
9999999.9993
10000000.0014
10000000.0005
10000000.0008
9999999.9996
9999999.9991
10000000.0006
9999999.9994
10000000.0000
10000000.0004
9999999.9997
10000000.0005
9999999.9994
10000000.0010
10000000.0001
10000000.0001
9999999.9994
10000000.0001
10000000.0002
10000000.0002
10000000.0016
9999999.9993
10000000.0005
10000000.0003
9999999.9990
10000000.0009
9999999.9992
10000000.0000
9999999.9996
10000000.0002
9999999.9997
10000000.0005
10000000.0008
10000000.0010
9999999.9998
9999999.9986
10000000.0004
9999999.9999
9999999.9999
10000000.0003
9999999.9993
10000000.0014
10000000.0001
10000000.0009
10000000.0010
9999999.9996
10000000.0003
9999999.9989
9999999.9993
9999999.9987
10000000.0007
10000000.0018
10000000.0005
9999999.9996
9999999.9991
9999999.9995
10000000.0022
10000000.0007
9999999.9998
10000000.0010
10000000.0003
9999999.9993
9999999.9931
10000000.0001
10000000.0002
9999999.9998
10000000.0003
9999999.9995
10000000.0000
9999999.9993
10000000.0004
9999999.9992
10000000.0004
10000000.0001
9999999.9993
10000000.0002
9999999.9988
10000000.0000
10000000.0016
10000000.0005
9999999.9998
10000000.0001
10000000.0004
10000000.0000
10000000.0006
9999999.9990
9999999.9999
10000000.0006
9999999.9993
9999999.9989
10000000.0003
10000000.0003
9999999.9995
9999999.9995
9999999.9992
10000000.0002
10000000.0002
9999999.9992
10000000.0003
9999999.9980
10000000.0008
9999999.9991
10000000.0004
9999999.9994
10000000.0008
9999999.9994
9999999.9996
9999999.9993
9999999.9990
10000000.0000
9999999.9994
9999999.9993
9999999.9982
9999999.9987
10000000.0004
9999999.9998
10000000.0006
10000000.0002
9999999.9993
10000000.0001
9999999.9991
9999999.9996
9999999.9993
10000000.0006
9999999.9996
9999999.9994
9999999.9997
9999999.9990
9999999.9997
10000000.0003
9999999.9997
9999999.9999
10000000.0007
9999999.9997
10000000.0003
10000000.0006
10000000.0001
9999999.9999
9999999.9994
10000000.0001
10000000.0004
9999999.9991
10000000.0000
10000000.0000
10000000.0003
10000000.0003
10000000.0002
10000000.0006
10000000.0001
9999999.9999
9999999.9998
10000000.0004
10000000.0009
10000000.0004
9999999.9998
10000000.0000
10000000.0002
9999999.9995
9999999.9996
10000000.0001
10000000.0003
9999999.9998
9999999.9997
10000000.0006
10000000.0005
10000000.0005
10000000.0004
9999999.9995
9999999.9997
9999999.9998
10000000.0004
10000000.0006
9999999.9997
9999999.9993
9999999.9994
9999999.9993
9999999.9997
9999999.9994
9999999.9995
9999999.9999
9999999.9999
10000000.0007
10000000.0002
10000000.0000
10000000.0002
9999999.9995
10000000.0006
10000000.0009
10000000.0003
10000000.0007
9999999.9995
10000000.0005
10000000.0009
10000000.0007
10000000.0008
10000000.0002
9999999.9998
9999999.9998
9999999.9998
9999999.9996
10000000.0006
9999999.9999
9999999.9990
9999999.9999
9999999.9997
9999999.9989
9999999.9996
9999999.9994
9999999.9995
10000000.0000
9999999.9988
9999999.9998
10000000.0010
10000000.0041
10000000.0003
9999999.9997
10000000.0003
9999999.9998
9999999.9984
10000000.0006
9999999.9997
10000000.0007
10000000.0003
10000000.0002
10000000.0004
10000000.0006
10000000.0006
9999999.9993
9999999.9999
9999999.9999
9999999.9958
9999999.9985
9999999.9998
10000000.0000
9999999.9998
10000000.0006
10000000.0005
9999999.9993
9999999.9997
10000000.0006
9999999.9995
9999999.9991
10000000.0017
10000000.0004
9999999.9993
10000000.0006
10000000.0000
10000000.0009
10000000.0004
9999999.9997
10000000.0000
10000000.0002
10000000.0001
10000000.0006
9999999.9995
9999999.9999
9999999.9999
9999999.9995
10000000.0001
10000000.0006
9999999.9998
10000000.0003
10000000.0002
10000000.0005
9999999.9986
9999999.9993
9999999.9993
10000000.0012
9999999.9992
10000000.0003
10000000.0014
9999999.9997
9999999.9998
9999999.9998
10000000.0001
10000000.0003
10000000.0001
10000000.0010
9999999.9992
10000000.0012
10000000.0002
10000000.0000
9999999.9999
9999999.9999
10000000.0009
10000000.0004
9999999.9998
9999999.9997
10000000.0004
10000000.0015
9999999.9992
10000000.0008
10000000.0003
9999999.9988
9999999.9995
10000000.0006
10000000.0000
9999999.9998
10000000.0003
9999999.9998
9999999.9994
10000000.0004
9999999.9997
9999999.9998
9999999.9988
10000000.0008
10000000.0004
10000000.0013
9999999.9992
9999999.9993
10000000.0000
9999999.9993
9999999.9998
10000000.0003
10000000.0004
10000000.0002
9999999.9998
10000000.0016
9999999.9991
10000000.0008
10000000.0006
10000000.0008
9999999.9990
10000000.0004
10000000.0001
10000000.0000
9999999.9995
10000000.0005
10000000.0003
10000000.0014
10000000.0004
10000000.0000
10000000.0004
10000000.0007
10000000.0007
9999999.9994
9999999.9998
10000000.0011
10000000.0004
9999999.9993
10000000.0001
10000000.0005
9999999.9987
10000000.0011
9999999.9994
9999999.9995
10000000.0005
10000000.0016
10000000.0006
10000000.0018
9999999.9988
9999999.9997
10000000.0008
10000000.0009
10000000.0000
10000000.0014
10000000.0000
9999999.9999
10000000.0003
9999999.9991
9999999.9998
9999999.9999
9999999.9997
10000000.0015
9999999.9999
10000000.0003
9999999.9991
10000000.0009
9999999.9982
10000000.0013
10000000.0003
10000000.0008
10000000.0014
10000000.0006
9999999.9993
9999999.9996
10000000.0003
9999999.9995
9999999.9996
10000000.0003
10000000.0050
10000000.0005
10000000.0001
9999999.9999
10000000.0003
9999999.9997
9999999.9998
9999999.9997
9999999.9995
9999999.9991
10000000.0002
10000000.0007
10000000.0002
10000000.0005
9999999.9980
10000000.0006
9999999.9993
10000000.0007
10000000.0001
9999999.9998
9999999.9994
9999999.9997
10000000.0004
10000000.0013
9999999.9986
10000000.0010
9999999.9992
10000000.0009
9999999.9996
9999999.9999
9999999.9986
10000000.0005
9999999.9996
10000000.0005
10000000.0018
10000000.0002
10000000.0018
9999999.9987
9999999.9963
10000000.0002
10000000.0005
10000000.0017
10000000.0003
10000000.0003
9999999.9997
10000000.0004
9999999.9997
10000000.0001
9999999.9993
10000000.0002
10000000.0000
10000000.0026
10000000.0001
9999999.9984
10000000.0001
10000000.0011
10000000.0017
9999999.9991
9999999.9997
10000000.0005
10000000.0008
9999999.9993
10000000.0002
10000000.0006
9999999.9987
9999999.9993
10000000.0001
10000000.0010
10000000.0003
10000000.0000
9999999.9994
10000000.0025
9999999.9992
9999999.9997
9999999.9993
9999999.9987
9999999.9997
10000000.0009
10000000.0031
9999999.9930
9999999.9983
10000000.0000
10000000.0002
10000000.0006
10000000.0009
10000000.0010
9999999.9978
9999999.9995
10000000.0011
10000000.0008
9999999.9991
9999999.9984
9999999.9999
10000000.0006
9999999.9990
10000000.0010
9999999.9991
9999999.9996
9999999.9990
10000000.0002
9999999.9981
10000000.0000
9999999.9997
9999999.9991
10000000.0018
9999999.9994
9999999.9999
10000000.0009
9999999.9992
10000000.0012
9999999.9981
10000000.0015
9999999.9995
9999999.9998
10000000.0001
10000000.0004
10000000.0005
9999999.9982
10000000.0007
9999999.9994
10000000.0007
9999999.9995
10000000.0005
10000000.0015
9999999.9991
9999999.9992
10000000.0006
9999999.9989
9999999.9993
9999999.9999
9999999.9990
9999999.9983
9999999.9989
9999999.9995
10000000.0012
9999999.9999
9999999.9999
10000000.0004
10000000.0006
10000000.0003
9999999.9997
10000000.0010
10000000.0004
9999999.9995
10000000.0000
9999999.9996
9999999.9987
9999999.9989
10000000.0004
9999999.9990
9999999.9998
10000000.0000
9999999.9992
9999999.9998
10000000.0000
10000000.0008
9999999.9988
10000000.0000
9999999.9991
10000000.0003
9999999.9991
10000000.0011
10000000.0001
9999999.9987
9999999.9990
9999999.9988
10000000.0004
9999999.9998
10000000.0007
10000000.0001
9999999.9989
9999999.9997
9999999.9993
9999999.9997
10000000.0006
9999999.9990
9999999.9993
10000000.0006
10000000.0011
9999999.9995
10000000.0004
9999999.9988
9999999.9999
10000000.0003
9999999.9997
10000000.0003
10000000.0000
10000000.0016
9999999.9996
10000000.0001
9999999.9998
10000000.0006
10000000.0011
9999999.9998
10000000.0006
10000000.0005
9999999.9980
10000000.0004
9999999.9998
10000000.0013
9999999.9996
9999999.9993
9999999.9989
10000000.0003
10000000.0001
9999999.9996
9999999.9971
10000000.0010
10000000.0027
9999999.9988
10000000.0000
9999999.9986
10000000.0000
10000000.0000
10000000.0007
9999999.9998
10000000.0001
9999999.9986
10000000.0005
9999999.9995
10000000.0006
9999999.9993
9999999.9996
9999999.9999
10000000.0000
10000000.0007
10000000.0000
9999999.9994
10000000.0013
9999999.9997
9999999.9999
9999999.9992
10000000.0007
9999999.9993
9999999.9987
9999999.9999
9999999.9987
9999999.9987
10000000.0011
9999999.9992
9999999.9998
10000000.0001
10000000.0004
9999999.9995
9999999.9992
10000000.0004
9999999.9999
10000000.0002
9999999.9995
10000000.0012
9999999.9990
9999999.9998
9999999.9990
10000000.0004
9999999.9999
9999999.9999
9999999.9991
9999999.9997
9999999.9996
10000000.0010
9999999.9980
10000000.0007
10000000.0009
9999999.9997
9999999.9987
9999999.9988
9999999.9999
10000000.0002
9999999.9989
10000000.0000
10000000.0001
10000000.0006
10000000.0001
9999999.9998
10000000.0001
10000000.0001
10000000.0000
9999999.9997
10000000.0004
10000000.0007
10000000.0006
10000000.0007
10000000.0008
9999999.9996
9999999.9999
9999999.9986
10000000.0012
10000000.0003
9999999.9997
9999999.9994
9999999.9989
10000000.0006
9999999.9995
10000000.0003
9999999.9996
10000000.0004
9999999.9999
10000000.0001
9999999.9993
9999999.9999
10000000.0001
9999999.9998
9999999.9997
9999999.9995
9999999.9994
10000000.0004
9999999.9995
10000000.0007
10000000.0004
10000000.0020
9999999.9992
10000000.0010
10000000.0002
9999999.9993
10000000.0006
9999999.9988
10000000.0000
10000000.0010
9999999.9998
10000000.0019
10000000.0001
10000000.0006
9999999.9990
10000000.0013
10000000.0001
10000000.0007
10000000.0009
9999999.9996
9999999.9997
9999999.9992
9999999.9996
10000000.0005
10000000.0007
9999999.9994
10000000.0002
10000000.0001
9999999.9997
10000000.0048
10000000.0001
9999999.9947
9999999.9990
10000000.0001
9999999.9997
10000000.0001
10000000.0001
10000000.0003
9999999.9998
9999999.9993
9999999.9988
9999999.9998
10000000.0011
10000000.0006
9999999.9989
10000000.0005
10000000.0001
10000000.0001
10000000.0005
9999999.9996
10000000.0017
10000000.0003
9999999.9999
10000000.0003
9999999.9997
9999999.9998
9999999.9997
9999999.9998
9999999.9986
9999999.9990
10000000.0011
10000000.0001
10000000.0012
9999999.9993
10000000.0035
10000000.0003
10000000.0005
9999999.9986
9999999.9950
10000000.0006
9999999.9995
10000000.0014
10000000.0001
9999999.9999
9999999.9987
9999999.9998
9999999.9992
10000000.0000
10000000.0003
10000000.0002
9999999.9994
9999999.9991
9999999.9992
9999999.9995
9999999.9994
9999999.9998
10000000.0002
9999999.9997
9999999.9995
10000000.0001
10000000.0012
10000000.0007
10000000.0001
10000000.0000
10000000.0005
10000000.0000
10000000.0008
10000000.0001
9999999.9997
9999999.9999
9999999.9996
9999999.9994
10000000.0001
10000000.0007
9999999.9993
9999999.9994
10000000.0003
9999999.9995
9999999.9998
9999999.9999
10000000.0007
9999999.9984
10000000.0001
10000000.0006
10000000.0008
9999999.9999
10000000.0003
9999999.9996
10000000.0012
9999999.9997
9999999.9998
10000000.0007
9999999.9999
9999999.9995
10000000.0013
10000000.0000
10000000.0005
9999999.9996
10000000.0005
9999999.9987
9999999.9999
10000000.0017
10000000.0007
10000000.0005
10000000.0001
10000000.0007
10000000.0017
10000000.0006
9999999.9998
10000000.0003
9999999.9997
10000000.0010
10000000.0000
10000000.0000
9999999.9993
10000000.0001
10000000.0007
9999999.9997
10000000.0015
9999999.9996
10000000.0008
9999999.9986
10000000.0012
10000000.0007
10000000.0012
10000000.0005
10000000.0008
9999999.9997
10000000.0005
10000000.0008
9999999.9990
10000000.0007
9999999.9990
10000000.0004
9999999.9994
9999999.9989
10000000.0002
10000000.0008
10000000.0006
10000000.0010
10000000.0000
9999999.9984
9999999.9998
9999999.9993
10000000.0003
10000000.0020
9999999.9991
9999999.9980
9999999.9999
10000000.0005
9999999.9991
10000000.0023
10000000.0015
10000000.0006
9999999.9994
9999999.9992
10000000.0005
9999999.9993
10000000.0004
9999999.9988
9999999.9998
10000000.0001
10000000.0015
9999999.9997
10000000.0000
9999999.9996
9999999.9992
9999999.9995
10000000.0006
9999999.9991
9999999.9989
10000000.0009
9999999.9985
10000000.0013
9999999.9990
9999999.9997
10000000.0005
10000000.0005
9999999.9985
9999999.9993
9999999.9982
9999999.9996
9999999.9996
10000000.0007
9999999.9988
9999999.9994
10000000.0010
10000000.0000
10000000.0001
9999999.9994
10000000.0011
10000000.0019
10000000.0011
9999999.9987
10000000.0011
10000000.0012
10000000.0005
9999999.9995
10000000.0007
9999999.9997
10000000.0003
10000000.0006
9999999.9997
10000000.0002
10000000.0008
10000000.0005
10000000.0016
9999999.9985
9999999.9988
9999999.9996
9999999.9994
10000000.0004
10000000.0008
10000000.0013
9999999.9995
10000000.0008
9999999.9997
10000000.0001
9999999.9995
9999999.9998
10000000.0004
10000000.0016
9999999.9982
9999999.9994
10000000.0000
9999999.9983
9999999.9982
10000000.0005
10000000.0009
9999999.9999
10000000.0020
10000000.0006
9999999.9995
10000000.0009
9999999.9992
10000000.0004
10000000.0012
9999999.9996
9999999.9993
10000000.0000
9999999.9981
9999999.9990
10000000.0019
9999999.9995
10000000.0002
10000000.0003
10000000.0003
9999999.9990
9999999.9975
10000000.0016
9999999.9998
10000000.0004
9999999.9984
10000000.0006
10000000.0003
9999999.9995
10000000.0004
10000000.0013
9999999.9990
9999999.9982
10000000.0021
9999999.9997
10000000.0000
10000000.0013
10000000.0006
9999999.9998
9999999.9996
10000000.0000
10000000.0000
10000000.0011
9999999.9986
9999999.9996
10000000.0002
9999999.9981
10000000.0003
10000000.0002
9999999.9999
10000000.0001
10000000.0000
9999999.9997
10000000.0003
9999999.9987
10000000.0005
10000000.0008
10000000.0008
10000000.0002
10000000.0003
10000000.0007
9999999.9970
9999999.9999
10000000.0001
10000000.0003
10000000.0002
10000000.0000
10000000.0004
9999999.9989
10000000.0007
9999999.9976
9999999.9995
10000000.0000
9999999.9993
10000000.0008
10000000.0003
9999999.9992
9999999.9997
9999999.9993
10000000.0004
10000000.0000
10000000.0000
